AIMSum (Version 19.10.12, Standard)
Copyright (c) 1997-2019 by Todd A. Keith
AIMSum is a component of the AIMAll package ( http://aim.tkgristmill.com )

TP:  64-bit Windows

Much of the Quantum Theory of Atoms in Molecules (QTAIM) is described in the book:
  "Atoms in Molecules - A Quantum Theory"
  R.F.W. Bader, Oxford University Press, Oxford, 1990

For additional references see:  http://aim.tkgristmill.com/references.html

Wfn File:  C:\SharedFolderMolecular\lab8\punto1\benzene\benzene.wfn
Sum File:  C:\SharedFolderMolecular\lab8\punto1\benzene\benzene.sum

SumViz File:  C:\SharedFolderMolecular\lab8\punto1\benzene\benzene.sumviz

Wfn Title:   benzene                                                                       
 
Total memory allocated for AIMSum =        0.593 Megabytes

Atomic units (a.u.) used throughout, except where stated otherwise

Model:  Restricted SCF
 
Restricted, closed-shell, single-determinant wavefunction.
  Number of electrons (from MO Occs)                   =          42.0000000000
  Number of Alpha electrons (from MO Occs)             =          21.0000000000
  Number of Beta electrons (from MO Occs)              =          21.0000000000
  Number of electron pairs (N*(N-1)/2)                 =         861.0000000000
  Number of electron pairs (from Muller 2EDM)          =         861.0000000000
 
Nuclear Charges and Cartesian Coordinates:
-------------------------------------------------------------------------------
Atom      Charge                X                  Y                  Z
-------------------------------------------------------------------------------
C1         6.0           2.2891569000E+00   1.3203039200E+00   0.0000000000E+00
C2         6.0           0.0000000000E+00   2.6421274600E+00   0.0000000000E+00
C3         6.0          -2.2881490500E+00   1.3222459100E+00   0.0000000000E+00
C4         6.0          -2.2887830800E+00  -1.3209644400E+00   0.0000000000E+00
C5         6.0          -1.1498300000E-03  -2.6421274900E+00   0.0000000000E+00
C6         6.0           2.2886933100E+00  -1.3212346500E+00   0.0000000000E+00
H7         1.0           2.4638700000E-03   4.6951763600E+00   0.0000000000E+00
H8         1.0          -4.0660078500E+00   2.3489717800E+00   0.0000000000E+00
H9         1.0          -4.0667906900E+00  -2.3474475700E+00   0.0000000000E+00
H10        1.0          -9.5850000000E-04  -4.6952025200E+00   0.0000000000E+00
H11        1.0           4.0653421200E+00  -2.3501034200E+00   0.0000000000E+00
H12        1.0           4.0673414700E+00   2.3465010800E+00   0.0000000000E+00
 
Some Atomic Properties:
----------------------
  q(A) = Net Charge of Atom A
  L(A) = Lagrangian of Atom A = -(1/4) Times Atomic Integral of the Laplacian of the Electron Density
  K(A) = Electronic Kinetic Energy of Atom A (Hamiltonian Form)
  K_Scaled(A) = K(A) * E(Mol)/K(Mol) = Approximation to Virial-Based Total Energy of Atom A.
  |Mu_Intra(A)| = Magnitude of Intraatomic Dipole Moment of Atom A
--------------------------------------------------------------------------------------------------
Atom A          q(A)              L(A)              K(A)          K_Scaled(A)      |Mu_Intra(A)|
--------------------------------------------------------------------------------------------------
C1       -3.2041265000E-03  2.7075659297E-05  3.7698222216E+01 -3.8084578101E+01  8.3760998304E-02
C2       -3.2357733000E-03 -5.5462457938E-06  3.7698213757E+01 -3.8084569556E+01  8.3749854389E-02
C3       -3.1219093000E-03  2.0396955552E-05  3.7698222184E+01 -3.8084578069E+01  8.3858974346E-02
C4       -3.1899134000E-03  3.9880270054E-05  3.7698209366E+01 -3.8084565120E+01  8.3784609889E-02
C5       -3.3580996000E-03  3.1671890485E-05  3.7698175266E+01 -3.8084530670E+01  8.3672864076E-02
C6       -3.2674038000E-03  3.7599618655E-05  3.7698203188E+01 -3.8084558878E+01  8.3771301502E-02
H7        3.2522098300E-03  1.8181040697E-05  6.2050342585E-01 -6.2686274828E-01  1.3382795022E-01
H8        3.3151163000E-03  1.4274358795E-05  6.2046568821E-01 -6.2682462388E-01  1.3382462423E-01
H9        3.2961401900E-03  1.5856207407E-05  6.2047488520E-01 -6.2683391513E-01  1.3382396708E-01
H10       3.2407730600E-03  2.0039966276E-05  6.2050241705E-01 -6.2686172915E-01  1.3381950837E-01
H11       3.2921452200E-03  1.9222214241E-05  6.2047593181E-01 -6.2683497247E-01  1.3378998442E-01
H12       3.2943835200E-03  1.9819900518E-05  6.2047861668E-01 -6.2683768486E-01  1.3379549048E-01
--------------------------------------------------------------------------------------------------
Total     3.1354222000E-04  2.5847183618E-04  2.2991214694E+02 -2.3226843607E+02
 
1st Largest |L(A)| = 3.9880270054E-05, atom C4      
2nd Largest |L(A)| = 3.7599618655E-05, atom C6      
 
Molecular charge q(Mol) from the wfn file:   0.0000000000E+00
Molecular energy E(Mol) from the wfn file:  -2.3226839757E+02
Molecular virial ratio (-V(Mol)/T(Mol)) from the wfn file:   2.0102486500E+00
Note.  K_Scaled(A) = (1+V(Mol)/T(Mol))*K(A) = (E(Mol)/T(Mol))*K(A)
       Only use K_Scaled(A) data with caution.
 
N_AIMInt(SumA)     =         41.999686
N_Analytic(Mol)    =         41.999992
 
G_AIMInt(SumA)     =        229.911888
G_Analytic(Mol)    =        229.912091
 
K_AIMInt(SumA)     =        229.912147
K_Analytic(Mol)    =        229.912091
 
L_AIMInt(SumA)     =          0.000258
L_Analytic(Mol)    =          0.000000
 
VenT_AIMInt(SumA)  =       -942.935787
VenT_Analytic(Mol) =       -942.938078
 
Some Information About the Atomic Calculations:
----------------------------------------------
  Time(sec) = "Elapsed User Time", in Seconds, for Atom A by AIMInt and, if used, by TWOe
  NProc = Number of Processors Used for AIMInt Job
  BIM = Basin Integration Method
  OAQ = Angular Quadrature Outside of Beta Sphere
  ORQ = Multiple of Default for Radial Quadrature Outside of Beta Sphere
  IAQ = Multiple of Default for Angular Quadrature Inside of Beta Sphere
  IRQ = Multiple of Default for Radial Quadrature Inside of Beta Sphere
  MIR = Maximum Integration Radius
------------------------------------------------------------------------------------------------------
Atom A     Time(sec)   NProc      BIM          OAQ                     ORQ      IAQ      IRQ      MIR
------------------------------------------------------------------------------------------------------
C1             22        1     Proaim(5)    4500(GS4)                  1.00     1.00     1.00    13.00
C2             22        1     Proaim(5)    4500(GS4)                  1.00     1.00     1.00    13.00
C3             22        1     Proaim(5)    4500(GS4)                  1.00     1.00     1.00    13.00
C4             22        1     Proaim(5)    4500(GS4)                  1.00     1.00     1.00    13.00
C5             22        1     Proaim(5)    4500(GS4)                  1.00     1.00     1.00    13.00
C6             23        1     Proaim(5)    4500(GS4)                  1.00     1.00     1.00    13.00
H7              4        1     Proaim(5)    1800(GS4)                  1.00     1.00     1.00    13.00
H8              4        1     Proaim(5)    1800(GS4)                  1.00     1.00     1.00    13.00
H9              5        1     Proaim(5)    1800(GS4)                  1.00     1.00     1.00    13.00
H10             5        1     Proaim(5)    1800(GS4)                  1.00     1.00     1.00    13.00
H11             4        1     Proaim(5)    1800(GS4)                  1.00     1.00     1.00    13.00
H12             4        1     Proaim(5)    1800(GS4)                  1.00     1.00     1.00    13.00
------------------------------------------------------------------------------------------------------
Total         159
Note:  Total wall clock time is less than total of atomic times if more than one atom
       was calculated at a time
 
Electron Density Critical Point Analysis of Molecular Structure:               
---------------------------------------------------------------                
  NACP = Nuclear Attractor Critical Point                                      
  NNACP = Non-Nuclear Attractor Critical Point                                 
  BCP = Bond Critical Point                                                    
  RCP = Ring Critical Point                                                    
  CCP = Cage Critical Point                                                    
  Rho = Electron Density                                                       
  GradRho = Gradient of Electron Density                                       
  HessRho_EigVals = Eigenvalues of the Hessian of Rho, Ascending Order         
  HessRho_EigVecs = Eigenvectors of the Hessian of Rho                         
  DelSqRho = Laplacian of Rho = Trace of Hessian of Rho                        
  Bond Ellipticity = (HessRho_EigVal(1) / HessRho_EigVal(2)) - 1               
  V = Virial Field = Potential Energy Density = Trace of Stress Tensor         
  G = Lagrangian Form of Kinetic Energy Density                                
  K = Hamiltonian Form of Kinetic Energy Density                               
  L = K - G = Lagrangian Density = (-1/4)DelSqRho                              
  Vnuc = Electrostatic Potential from Nuclei                                   
  Ven = Electron-nuclear attractive contribution to Virial Field V             
  Vrep = V - Ven = Repulsive contribution to Virial Field V                    
  DelSqV = Laplacian of V                                                      
  DelSqVen = Laplacian of Ven                                                  
  DelSqVrep = Laplacian of Vrep                                                
  DelSqG = Laplacian of G                                                      
  DelSqK = Laplacian of K                                                      
  Stress_EigVals = Eigenvalues of Stress Tensor, Ascending Order               
  Stress_EigVecs = Eigenvectors of Stress Tensor                               
  -DivStress = Ehrenfest Force Density = Minus Divergence of Stress Tensor     
  ESP = Total Electrostatic Potential                                          
  ESPe = Electrostatic Potential from Electrons                                
  ESPn = Electrostatic Potential from Nuclei                                   
  BP = Bond Path                                                               
  BPL = Bond Path Length                                                       
  GBL = Geometric Bond Length                                                  
  GBL_I = Distance Between Nuclear Attractors                                  
  GBL_II = Distance Between Nuclei                                             
  GBL_III = Sum of Distances Between BCP and Nuclear Attractors                
  GBL_IV = Sum of Distances Between BCP and Nuclei                             

CP# 1      Coords =  2.28915729446340E+00  1.32030415836645E+00  0.00000000000000E+00
           Type = (3,-3) NACP C1
           Rho =  1.1769857190E+02     Rho at Nucleus =  1.1769857188E+02
           GradRho =  1.7710666267E-11  1.9457879752E-11  0.0000000000E+00
           HessRho_EigVals = -1.4503626529E+05 -1.4503515228E+05 -1.4503509409E+05
           HessRho_EigVec1 =  0.0000000000E+00  0.0000000000E+00  1.0000000000E+00
           HessRho_EigVec2 =  8.7837236882E-01  4.7797696774E-01  0.0000000000E+00
           HessRho_EigVec3 = -4.7797696774E-01  8.7837236882E-01  0.0000000000E+00
           DelSqRho = -4.3510651166E+05
           Bond Ellipticity = NA
           V = -1.0878692122E+05
           G =  5.1466520372E+00
           K =  1.0878177457E+05
           L =  1.0877662791E+05
           Vnuc =  1.3018289799E+07
           Ven = -1.5322341179E+09
           Vrep =  1.5321253309E+09
           DelSqV =  2.4958009870E+09
           DelSqVen =  5.6643456860E+12
           DelSqVrep = -5.6618498850E+12
           DelSqG =  1.3406513186E+08
           DelSqK = -2.6298661189E+09
           Stress_EigVals = -3.6262516244E+04 -3.6262477981E+04 -3.6261926994E+04
           Stress_EigVec1 = -4.8698831478E-01  8.7340848477E-01  0.0000000000E+00
           Stress_EigVec2 =  8.7340848477E-01  4.8698831478E-01  0.0000000000E+00
           Stress_EigVec3 =  0.0000000000E+00  0.0000000000E+00  1.0000000000E+00
           -DivStress = -3.1581421971E+02 -1.9098125383E+02  0.0000000000E+00
           ESP =  -1.4731056629E+01     ESP at Nucleus =  -1.4731056631E+01
           ESPe = -2.4453899985E+01     ESPe at Nucleus = -2.4453900631E+01
           ESPn =  9.7228433559E+00     ESPn at Nucleus =  9.7228439999E+00

CP# 2      Coords =  1.53732609782660E-08  2.64212792153712E+00  0.00000000000000E+00
           Type = (3,-3) NACP C2
           Rho =  1.1769854819E+02     Rho at Nucleus =  1.1769854818E+02
           GradRho =  7.8112516455E-13  1.7845946942E-11  0.0000000000E+00
           HessRho_EigVals = -1.4503623583E+05 -1.4503512260E+05 -1.4503506541E+05
           HessRho_EigVec1 =  0.0000000000E+00  0.0000000000E+00  1.0000000000E+00
           HessRho_EigVec2 = -1.6914532449E-02  9.9985693906E-01  0.0000000000E+00
           HessRho_EigVec3 =  9.9985693906E-01  1.6914532449E-02  0.0000000000E+00
           DelSqRho = -4.3510642383E+05
           Bond Ellipticity = NA
           V = -1.0878689924E+05
           G =  5.1466412273E+00
           K =  1.0878175260E+05
           L =  1.0877660596E+05
           Vnuc =  1.2992841762E+07
           Ven = -1.5292386123E+09
           Vrep =  1.5291298254E+09
           DelSqV =  2.4958004874E+09
           DelSqVen =  5.6532716749E+12
           DelSqVrep = -5.6507758744E+12
           DelSqG =  1.3406510478E+08
           DelSqK = -2.6298655922E+09
           Stress_EigVals = -3.6262508883E+04 -3.6262470653E+04 -3.6261919705E+04
           Stress_EigVec1 =  9.9983302819E-01  1.8273361460E-02  0.0000000000E+00
           Stress_EigVec2 = -1.8273361460E-02  9.9983302819E-01  0.0000000000E+00
           Stress_EigVec3 =  0.0000000000E+00  0.0000000000E+00  1.0000000000E+00
           -DivStress = -1.2483051775E+01 -3.6959517565E+02  0.0000000000E+00
           ESP =  -1.4731055089E+01     ESP at Nucleus =  -1.4731055091E+01
           ESPe = -2.4454315375E+01     ESPe at Nucleus = -2.4454316022E+01
           ESPn =  9.7232602864E+00     ESPn at Nucleus =  9.7232609314E+00

CP# 3      Coords = -2.28814945382740E+00  1.32224613119708E+00  0.00000000000000E+00
           Type = (3,-3) NACP C3
           Rho =  1.1769852453E+02     Rho at Nucleus =  1.1769852452E+02
           GradRho =  3.5635383533E-12  2.8220759063E-12  0.0000000000E+00
           HessRho_EigVals = -1.4503620996E+05 -1.4503509708E+05 -1.4503503940E+05
           HessRho_EigVec1 =  0.0000000000E+00  0.0000000000E+00  1.0000000000E+00
           HessRho_EigVec2 =  8.5736672303E-01 -5.1470603478E-01  0.0000000000E+00
           HessRho_EigVec3 =  5.1470603478E-01  8.5736672303E-01  0.0000000000E+00
           DelSqRho = -4.3510634644E+05
           Bond Ellipticity = NA
           V = -1.0878688018E+05
           G =  5.1467870214E+00
           K =  1.0878173340E+05
           L =  1.0877658661E+05
           Vnuc =  1.3031032077E+07
           Ven = -1.5337332485E+09
           Vrep =  1.5336244617E+09
           DelSqV =  2.4958000538E+09
           DelSqVen =  5.6698947502E+12
           DelSqVrep = -5.6673989502E+12
           DelSqG =  1.3406508429E+08
           DelSqK = -2.6298651381E+09
           Stress_EigVals = -3.6262502510E+04 -3.6262464319E+04 -3.6261913355E+04
           Stress_EigVec1 =  5.1205497996E-01  8.5895267477E-01  0.0000000000E+00
           Stress_EigVec2 =  8.5895267477E-01 -5.1205497996E-01  0.0000000000E+00
           Stress_EigVec3 =  0.0000000000E+00  0.0000000000E+00  1.0000000000E+00
           -DivStress =  3.2343447880E+02 -1.7701243721E+02  0.0000000000E+00
           ESP =  -1.4731045777E+01     ESP at Nucleus =  -1.4731045779E+01
           ESPe = -2.4453925422E+01     ESPe at Nucleus = -2.4453926067E+01
           ESPn =  9.7228796448E+00     ESPn at Nucleus =  9.7228802882E+00

CP# 4      Coords = -2.28878348388731E+00 -1.32096466159425E+00  0.00000000000000E+00
           Type = (3,-3) NACP C4
           Rho =  1.1769856309E+02     Rho at Nucleus =  1.1769856308E+02
           GradRho =  1.0220532753E-11 -1.0887069024E-11  0.0000000000E+00
           HessRho_EigVals = -1.4503625381E+05 -1.4503514076E+05 -1.4503508272E+05
           HessRho_EigVec1 =  0.0000000000E+00  0.0000000000E+00  1.0000000000E+00
           HessRho_EigVec2 =  8.5551037250E-01  5.1778567240E-01  0.0000000000E+00
           HessRho_EigVec3 = -5.1778567240E-01  8.5551037250E-01  0.0000000000E+00
           DelSqRho = -4.3510647729E+05
           Bond Ellipticity = NA
           V = -1.0878691261E+05
           G =  5.1466430270E+00
           K =  1.0878176597E+05
           L =  1.0877661932E+05
           Vnuc =  1.3024145624E+07
           Ven = -1.5329232254E+09
           Vrep =  1.5328144385E+09
           DelSqV =  2.4958007915E+09
           DelSqVen =  5.6668926771E+12
           DelSqVrep = -5.6643968763E+12
           DelSqG =  1.3406512064E+08
           DelSqK = -2.6298659122E+09
           Stress_EigVals = -3.6262513355E+04 -3.6262475125E+04 -3.6261924129E+04
           Stress_EigVec1 = -5.1071681084E-01  8.5974899774E-01  0.0000000000E+00
           Stress_EigVec2 =  8.5974899774E-01  5.1071681084E-01  0.0000000000E+00
           Stress_EigVec3 =  0.0000000000E+00  0.0000000000E+00  1.0000000000E+00
           -DivStress =  3.2347750884E+02  1.7734347986E+02  0.0000000000E+00
           ESP =  -1.4731054048E+01     ESP at Nucleus =  -1.4731054050E+01
           ESPe = -2.4453876908E+01     ESPe at Nucleus = -2.4453877554E+01
           ESPn =  9.7228228602E+00     ESPn at Nucleus =  9.7228235039E+00

CP# 5      Coords = -1.14981862220632E-03 -2.64212795171123E+00  0.00000000000000E+00
           Type = (3,-3) NACP C5
           Rho =  1.1769859371E+02     Rho at Nucleus =  1.1769859370E+02
           GradRho =  5.7551186039E-13 -4.8940074215E-11  0.0000000000E+00
           HessRho_EigVals = -1.4503628266E+05 -1.4503516920E+05 -1.4503511124E+05
           HessRho_EigVec1 =  0.0000000000E+00  0.0000000000E+00  1.0000000000E+00
           HessRho_EigVec2 =  1.8639809377E-02  9.9982626366E-01  0.0000000000E+00
           HessRho_EigVec3 =  9.9982626366E-01 -1.8639809377E-02  0.0000000000E+00
           DelSqRho = -4.3510656311E+05
           Bond Ellipticity = NA
           V = -1.0878693355E+05
           G =  5.1463864599E+00
           K =  1.0878178716E+05
           L =  1.0877664078E+05
           Vnuc =  1.2991201232E+07
           Ven = -1.5290461156E+09
           Vrep =  1.5289373287E+09
           DelSqV =  2.4958012662E+09
           DelSqVen =  5.6525544489E+12
           DelSqVrep = -5.6500586476E+12
           DelSqG =  1.3406513787E+08
           DelSqK = -2.6298664041E+09
           Stress_EigVals = -3.6262520376E+04 -3.6262482093E+04 -3.6261931080E+04
           Stress_EigVec1 =  9.9988048511E-01 -1.5460125815E-02  0.0000000000E+00
           Stress_EigVec2 =  1.5460125815E-02  9.9988048511E-01  0.0000000000E+00
           Stress_EigVec3 =  0.0000000000E+00  0.0000000000E+00  1.0000000000E+00
           -DivStress = -9.2522186548E+00  3.6973434389E+02  0.0000000000E+00
           ESP =  -1.4731065381E+01     ESP at Nucleus =  -1.4731065382E+01
           ESPe = -2.4454082179E+01     ESPe at Nucleus = -2.4454082826E+01
           ESPn =  9.7230167988E+00     ESPn at Nucleus =  9.7230174440E+00

CP# 6      Coords =  2.28869370092444E+00 -1.32123489456470E+00  0.00000000000000E+00
           Type = (3,-3) NACP C6
           Rho =  1.1769858670E+02     Rho at Nucleus =  1.1769858668E+02
           GradRho =  2.1504992231E-11 -2.1248003357E-12  0.0000000000E+00
           HessRho_EigVals = -1.4503628037E+05 -1.4503516718E+05 -1.4503510870E+05
           HessRho_EigVec1 =  0.0000000000E+00  0.0000000000E+00  1.0000000000E+00
           HessRho_EigVec2 =  8.7555855681E-01 -4.8311200936E-01  0.0000000000E+00
           HessRho_EigVec3 =  4.8311200936E-01  8.7555855681E-01  0.0000000000E+00
           DelSqRho = -4.3510655624E+05
           Bond Ellipticity = NA
           V = -1.0878693215E+05
           G =  5.1465465017E+00
           K =  1.0878178561E+05
           L =  1.0877663906E+05
           Vnuc =  1.3011741136E+07
           Ven = -1.5314635422E+09
           Vrep =  1.5313547553E+09
           DelSqV =  2.4958012386E+09
           DelSqVen =  5.6614914621E+12
           DelSqVrep = -5.6589956609E+12
           DelSqG =  1.3406514203E+08
           DelSqK = -2.6298663806E+09
           Stress_EigVals = -3.6262519923E+04 -3.6262481630E+04 -3.6261930601E+04
           Stress_EigVec1 =  4.8274589180E-01  8.7576047179E-01  0.0000000000E+00
           Stress_EigVec2 =  8.7576047179E-01 -4.8274589180E-01  0.0000000000E+00
           Stress_EigVec3 =  0.0000000000E+00  0.0000000000E+00  1.0000000000E+00
           -DivStress = -3.1294831279E+02  1.9599808736E+02  0.0000000000E+00
           ESP =  -1.4731060051E+01     ESP at Nucleus =  -1.4731060053E+01
           ESPe = -2.4453746262E+01     ESPe at Nucleus = -2.4453746908E+01
           ESPn =  9.7226862103E+00     ESPn at Nucleus =  9.7226868544E+00

CP# 7      Coords =  2.40840328542130E-03  4.65512131940133E+00  0.00000000000000E+00
           Type = (3,-3) NACP H7
           Rho =  4.3266569213E-01     Rho at Nucleus =  4.2773020558E-01
           GradRho = -2.7755575616E-17 -1.5100767858E-14  0.0000000000E+00
           HessRho_EigVals = -6.6064469734E+00 -6.5969574450E+00 -5.9462148144E+00
           HessRho_EigVec1 =  9.9999909990E-01 -1.3417162974E-03  0.0000000000E+00
           HessRho_EigVec2 =  0.0000000000E+00  0.0000000000E+00  1.0000000000E+00
           HessRho_EigVec3 =  1.3417162974E-03  9.9999909990E-01  0.0000000000E+00
           DelSqRho = -1.9149619233E+01
           Bond Ellipticity = NA
           V = -4.8034273720E+00
           G =  8.0112818994E-03
           K =  4.7954160901E+00
           L =  4.7874048082E+00
           Vnuc =  3.4392773947E+01
           Ven = -1.4880573344E+01
           Vrep =  1.0077145972E+01
           DelSqV =  7.1636961453E+02
           DelSqVen =  6.5860852544E+02
           DelSqVrep =  5.7761089087E+01
           DelSqG =  7.1035278672E+01
           DelSqK = -7.8740489320E+02
           Stress_EigVals = -1.6570303299E+00 -1.6568684039E+00 -1.4895286382E+00
           Stress_EigVec1 =  9.9999904862E-01 -1.3794032954E-03  0.0000000000E+00
           Stress_EigVec2 =  0.0000000000E+00  0.0000000000E+00  1.0000000000E+00
           Stress_EigVec3 =  1.3794032954E-03  9.9999904862E-01  0.0000000000E+00
           -DivStress =  1.2658028652E-02  9.1041767800E+00  0.0000000000E+00
           ESP =  -1.1046016117E+00     ESP at Nucleus =  -1.1066516366E+00
           ESPe = -1.0531752599E+01     ESPe at Nucleus = -1.0432856860E+01
           ESPn =  9.4271509874E+00     ESPn at Nucleus =  9.3262052238E+00

CP# 8      Coords = -4.03131905225467E+00  2.32893884025491E+00  0.00000000000000E+00
           Type = (3,-3) NACP H8
           Rho =  4.3265595073E-01     Rho at Nucleus =  4.2771993104E-01
           GradRho =  4.3715031595E-16 -7.7021722333E-16  0.0000000000E+00
           HessRho_EigVals = -6.6062716261E+00 -6.5967865729E+00 -5.9460057211E+00
           HessRho_EigVec1 =  5.0009723759E-01  8.6596925635E-01  0.0000000000E+00
           HessRho_EigVec2 =  0.0000000000E+00  0.0000000000E+00  1.0000000000E+00
           HessRho_EigVec3 =  8.6596925635E-01 -5.0009723759E-01  0.0000000000E+00
           DelSqRho = -1.9149063920E+01
           Bond Ellipticity = NA
           V = -4.8032866859E+00
           G =  8.0103529638E-03
           K =  4.7952763330E+00
           L =  4.7872659800E+00
           Vnuc =  3.4390583943E+01
           Ven = -1.4879290792E+01
           Vrep =  1.0076004106E+01
           DelSqV =  7.1634578020E+02
           DelSqVen =  6.5854749017E+02
           DelSqVrep =  5.7798290024E+01
           DelSqG =  7.1032746416E+01
           DelSqK = -7.8737852661E+02
           Stress_EigVals = -1.6569863006E+00 -1.6568249917E+00 -1.4894753936E+00
           Stress_EigVec1 =  5.0009059052E-01  8.6597309501E-01  0.0000000000E+00
           Stress_EigVec2 =  0.0000000000E+00  0.0000000000E+00  1.0000000000E+00
           Stress_EigVec3 =  8.6597309501E-01 -5.0009059052E-01  0.0000000000E+00
           -DivStress = -7.8842540286E+00  4.5531717152E+00  0.0000000000E+00
           ESP =  -1.1045628817E+00     ESP at Nucleus =  -1.1066131467E+00
           ESPe = -1.0531250993E+01     ESPe at Nucleus = -1.0432349864E+01
           ESPn =  9.4266881115E+00     ESPn at Nucleus =  9.3257367169E+00

CP# 9      Coords = -4.03210159614484E+00 -2.32741646736971E+00  0.00000000000000E+00
           Type = (3,-3) NACP H9
           Rho =  4.3265755896E-01     Rho at Nucleus =  4.2772167024E-01
           GradRho =  4.2587461335E-16 -9.7751667871E-16  0.0000000000E+00
           HessRho_EigVals = -6.6063082028E+00 -6.5968230142E+00 -5.9460514273E+00
           HessRho_EigVec1 = -5.0003948902E-01  8.6600260359E-01  0.0000000000E+00
           HessRho_EigVec2 =  0.0000000000E+00  0.0000000000E+00  1.0000000000E+00
           HessRho_EigVec3 =  8.6600260359E-01  5.0003948902E-01  0.0000000000E+00
           DelSqRho = -1.9149182644E+01
           Bond Ellipticity = NA
           V = -4.8033164301E+00
           G =  8.0103844895E-03
           K =  4.7953060456E+00
           L =  4.7872956611E+00
           Vnuc =  3.4391030726E+01
           Ven = -1.4879539404E+01
           Vrep =  1.0076222974E+01
           DelSqV =  7.1635110003E+02
           DelSqVen =  6.5856012870E+02
           DelSqVrep =  5.7790971330E+01
           DelSqG =  7.1033364721E+01
           DelSqK = -7.8738446475E+02
           Stress_EigVals = -1.6569954875E+00 -1.6568340605E+00 -1.4894868821E+00
           Stress_EigVec1 = -5.0004828250E-01  8.6599752607E-01  0.0000000000E+00
           Stress_EigVec2 =  0.0000000000E+00  0.0000000000E+00  1.0000000000E+00
           Stress_EigVec3 =  8.6599752607E-01  5.0004828250E-01  0.0000000000E+00
           -DivStress = -7.8843606423E+00 -4.5528008669E+00  0.0000000000E+00
           ESP =  -1.1045698019E+00     ESP at Nucleus =  -1.1066198727E+00
           ESPe = -1.0531291958E+01     ESPe at Nucleus = -1.0432393443E+01
           ESPn =  9.4267221559E+00     ESPn at Nucleus =  9.3257735700E+00

CP# 10     Coords = -9.63278259485610E-04 -4.65514839167298E+00  0.00000000000000E+00
           Type = (3,-3) NACP H10
           Rho =  4.3266120855E-01     Rho at Nucleus =  4.2772597339E-01
           GradRho = -5.2041704279E-18  1.8277046543E-14  0.0000000000E+00
           HessRho_EigVals = -6.6064110521E+00 -6.5969228930E+00 -5.9462041338E+00
           HessRho_EigVec1 =  9.9999999328E-01  1.1596333122E-04  0.0000000000E+00
           HessRho_EigVec2 =  0.0000000000E+00  0.0000000000E+00  1.0000000000E+00
           HessRho_EigVec3 = -1.1596333122E-04  9.9999999328E-01  0.0000000000E+00
           DelSqRho = -1.9149538079E+01
           Bond Ellipticity = NA
           V = -4.8034060501E+00
           G =  8.0107652106E-03
           K =  4.7953952849E+00
           L =  4.7873845197E+00
           Vnuc =  3.4393233008E+01
           Ven = -1.4880617759E+01
           Vrep =  1.0077211709E+01
           DelSqV =  7.1636818713E+02
           DelSqVen =  6.5861452514E+02
           DelSqVrep =  5.7753661997E+01
           DelSqG =  7.1035398913E+01
           DelSqK = -7.8740358605E+02
           Stress_EigVals = -1.6570211212E+00 -1.6568591852E+00 -1.4895257437E+00
           Stress_EigVec1 =  9.9999999181E-01  1.2800851934E-04  0.0000000000E+00
           Stress_EigVec2 =  0.0000000000E+00  0.0000000000E+00  1.0000000000E+00
           Stress_EigVec3 = -1.2800851934E-04  9.9999999181E-01  0.0000000000E+00
           -DivStress =  1.1112215683E-03 -9.1039362674E+00  0.0000000000E+00
           ESP =  -1.1046026762E+00     ESP at Nucleus =  -1.1066520999E+00
           ESPe = -1.0531620349E+01     ESPe at Nucleus = -1.0432730181E+01
           ESPn =  9.4270176724E+00     ESPn at Nucleus =  9.3260780810E+00

CP# 11     Coords =  4.03068216214154E+00 -2.33002307275298E+00  0.00000000000000E+00
           Type = (3,-3) NACP H11
           Rho =  4.3265291893E-01     Rho at Nucleus =  4.2771719897E-01
           GradRho =  4.4408920985E-16 -5.3429483060E-16  0.0000000000E+00
           HessRho_EigVals = -6.6062596975E+00 -6.5967760353E+00 -5.9460219419E+00
           HessRho_EigVec1 =  5.0126113042E-01  8.6529606444E-01  0.0000000000E+00
           HessRho_EigVec2 =  0.0000000000E+00  0.0000000000E+00  1.0000000000E+00
           HessRho_EigVec3 =  8.6529606444E-01 -5.0126113042E-01  0.0000000000E+00
           DelSqRho = -1.9149057675E+01
           Bond Ellipticity = NA
           V = -4.8032842707E+00
           G =  8.0099260342E-03
           K =  4.7952743447E+00
           L =  4.7872644187E+00
           Vnuc =  3.4391257639E+01
           Ven = -1.4879478003E+01
           Vrep =  1.0076193733E+01
           DelSqV =  7.1634743308E+02
           DelSqVen =  6.5856017604E+02
           DelSqVrep =  5.7787257042E+01
           DelSqG =  7.1033184556E+01
           DelSqK = -7.8738061764E+02
           Stress_EigVals = -1.6569831869E+00 -1.6568217074E+00 -1.4894793764E+00
           Stress_EigVec1 =  5.0129404009E-01  8.6527699921E-01  0.0000000000E+00
           Stress_EigVec2 =  0.0000000000E+00  0.0000000000E+00  1.0000000000E+00
           Stress_EigVec3 =  8.6527699921E-01 -5.0129404009E-01  0.0000000000E+00
           -DivStress =  7.8776644600E+00 -4.5640097428E+00  0.0000000000E+00
           ESP =  -1.1045677154E+00     ESP at Nucleus =  -1.1066173813E+00
           ESPe = -1.0531164534E+01     ESPe at Nucleus = -1.0432269409E+01
           ESPn =  9.4265968188E+00     ESPn at Nucleus =  9.3256520279E+00

CP# 12     Coords =  4.03264508244668E+00  2.32648337526675E+00  0.00000000000000E+00
           Type = (3,-3) NACP H12
           Rho =  4.3265503938E-01     Rho at Nucleus =  4.2771926110E-01
           GradRho = -1.4658413372E-16 -9.4065380485E-16  0.0000000000E+00
           HessRho_EigVals = -6.6062805913E+00 -6.5967954706E+00 -5.9460354183E+00
           HessRho_EigVec1 = -4.9976205304E-01  8.6616273895E-01  0.0000000000E+00
           HessRho_EigVec2 =  0.0000000000E+00  0.0000000000E+00  1.0000000000E+00
           HessRho_EigVec3 =  8.6616273895E-01  4.9976205304E-01  0.0000000000E+00
           DelSqRho = -1.9149111480E+01
           Bond Ellipticity = NA
           V = -4.8032981889E+00
           G =  8.0101594352E-03
           K =  4.7952880295E+00
           L =  4.7872778700E+00
           Vnuc =  3.4391252376E+01
           Ven = -1.4879548651E+01
           Vrep =  1.0076250462E+01
           DelSqV =  7.1634901781E+02
           DelSqVen =  6.5856192569E+02
           DelSqVrep =  5.7787092117E+01
           DelSqG =  7.1033241017E+01
           DelSqK = -7.8738225882E+02
           Stress_EigVals = -1.6569883990E+00 -1.6568269638E+00 -1.4894828261E+00
           Stress_EigVec1 = -4.9975229598E-01  8.6616836854E-01  0.0000000000E+00
           Stress_EigVec2 =  0.0000000000E+00  0.0000000000E+00  1.0000000000E+00
           Stress_EigVec3 =  8.6616836854E-01  4.9975229598E-01  0.0000000000E+00
           -DivStress =  7.8859885659E+00  4.5497440500E+00  0.0000000000E+00
           ESP =  -1.1045692570E+00     ESP at Nucleus =  -1.1066191162E+00
           ESPe = -1.0531275851E+01     ESPe at Nucleus = -1.0432378669E+01
           ESPn =  9.4267065945E+00     ESPn at Nucleus =  9.3257595530E+00

CP# 13     Coords = -1.96685741789910E-05  1.79821961762531E-05  0.00000000000000E+00
           Type = (3,+1) RCP C1 C2 C3 C4 C5 C6
           Rho =  2.0160665415E-02
           GradRho = -1.7608332666E-17  6.0795789789E-18  0.0000000000E+00
           HessRho_EigVals = -1.5758764420E-02  8.8455331633E-02  8.8569555580E-02
           HessRho_EigVec1 =  0.0000000000E+00  0.0000000000E+00  1.0000000000E+00
           HessRho_EigVec2 =  9.9777498204E-01 -6.6671472319E-02  0.0000000000E+00
           HessRho_EigVec3 =  6.6671472319E-02  9.9777498204E-01  0.0000000000E+00
           DelSqRho =  1.6126612279E-01
           Bond Ellipticity = NA
           V = -2.2278362438E-02
           G =  3.1297446568E-02
           K = -9.0190841299E-03
           L = -4.0316530698E-02
           Vnuc =  1.4901354570E+01
           Ven = -3.0042122371E-01
           Vrep =  2.7814286127E-01
           DelSqV = -1.9338474396E-01
           DelSqVen = -2.4030836759E+00
           DelSqVrep =  2.2096989319E+00
           DelSqG =  1.6539688961E-01
           DelSqK =  2.7987854345E-02
           Stress_EigVals = -9.1726899751E-03 -6.5528826454E-03 -6.5527898180E-03
           Stress_EigVec1 =  0.0000000000E+00  0.0000000000E+00  1.0000000000E+00
           Stress_EigVec2 = -2.1804317564E-01  9.7593912390E-01  0.0000000000E+00
           Stress_EigVec3 =  9.7593912390E-01  2.1804317564E-01  0.0000000000E+00
           -DivStress = -4.7206170903E-07  8.2918149038E-07  0.0000000000E+00
           ESP =   1.4798733138E-01
           ESPe = -1.4753367239E+01
           ESPn =  1.4901354570E+01
             94 sample points along path from RCP to BCP between atoms C1 and C2
             1.1457915127E+00   1.9834318855E+00   0.0000000000E+00   3.1089020465E-01    
             1.1445415234E+00   1.9812668158E+00   3.0616169979E-19   3.1088818347E-01    
             1.1320416345E+00   1.9596161166E+00   2.2369615239E-18   3.1064575053E-01    
             1.1195417506E+00   1.9379654144E+00   3.7712396421E-18   3.1000041886E-01    
             1.1070418693E+00   1.9163147108E+00   5.1599811686E-18   3.0895541118E-01    
             1.0945419882E+00   1.8946640071E+00   6.4598215840E-18   3.0751597754E-01    
             1.0820421045E+00   1.8730133048E+00   7.6921947290E-18   3.0568934048E-01    
             1.0695422160E+00   1.8513626054E+00   8.8766609288E-18   3.0348461994E-01    
             1.0570423203E+00   1.8297119100E+00   1.0022165195E-17   3.0091273913E-01    
             1.0445424150E+00   1.8080612203E+00   1.1134769358E-17   2.9798631313E-01    
             1.0320424978E+00   1.7864105374E+00   1.2219151164E-17   2.9471952182E-01    
             1.0195425663E+00   1.7647598628E+00   1.3278850104E-17   2.9112796943E-01    
             1.0070426181E+00   1.7431091977E+00   1.4316639429E-17   2.8722853292E-01    
             9.9454265111E-01   1.7214585436E+00   1.5334751534E-17   2.8303920150E-01    
             9.8204266293E-01   1.6998079017E+00   1.6335018787E-17   2.7857890980E-01    
             9.6954265131E-01   1.6781572733E+00   1.7318971186E-17   2.7386736716E-01    
             9.5704261402E-01   1.6565066597E+00   1.8287905339E-17   2.6892488548E-01    
             9.4454254881E-01   1.6348560623E+00   1.9242934388E-17   2.6377220792E-01    
             9.3204245346E-01   1.6132054822E+00   2.0185025070E-17   2.5843034081E-01    
             9.1954232572E-01   1.5915549209E+00   2.1115025775E-17   2.5292039073E-01    
             9.0704216338E-01   1.5699043795E+00   2.2033688190E-17   2.4726340872E-01    
             8.9454196418E-01   1.5482538594E+00   2.2941684254E-17   2.4148024318E-01    
             8.8204172587E-01   1.5266033619E+00   2.3839619648E-17   2.3559140305E-01    
             8.6954144617E-01   1.5049528883E+00   2.4728044651E-17   2.2961693224E-01    
             8.5704112277E-01   1.4833024400E+00   2.5607462994E-17   2.2357629632E-01    
             8.4454075331E-01   1.4616520182E+00   2.6478339149E-17   2.1748828220E-01    
             8.3204033539E-01   1.4400016244E+00   2.7341104388E-17   2.1137091094E-01    
             8.1953986657E-01   1.4183512600E+00   2.8196161868E-17   2.0524136412E-01    
             8.0703934431E-01   1.3967009264E+00   2.9043890929E-17   1.9911592354E-01    
             7.9453876601E-01   1.3750506252E+00   2.9884650754E-17   1.9300992395E-01    
             7.8203812898E-01   1.3534003579E+00   3.0718783508E-17   1.8693771841E-01    
             7.6953743044E-01   1.3317501261E+00   3.1546617039E-17   1.8091265567E-01    
             7.5703666750E-01   1.3100999315E+00   3.2368467228E-17   1.7494706863E-01    
             7.4453583714E-01   1.2884497759E+00   3.3184640034E-17   1.6905227327E-01    
             7.3203493623E-01   1.2667996609E+00   3.3995433287E-17   1.6323857690E-01    
             7.1953396152E-01   1.2451495886E+00   3.4801138272E-17   1.5751529476E-01    
             7.0703290958E-01   1.2234995609E+00   3.5602041136E-17   1.5189077406E-01    
             6.9453177688E-01   1.2018495798E+00   3.6398424147E-17   1.4637242422E-01    
             6.8203055971E-01   1.1801996475E+00   3.7190566833E-17   1.4096675248E-01    
             6.6952925421E-01   1.1585497662E+00   3.7978747029E-17   1.3567940376E-01    
             6.5702785637E-01   1.1368999382E+00   3.8763241847E-17   1.3051520386E-01    
             6.4452636199E-01   1.1152501660E+00   3.9544328602E-17   1.2547820515E-01    
             6.3202476672E-01   1.0936004520E+00   4.0322285701E-17   1.2057173389E-01    
             6.1952306605E-01   1.0719507988E+00   4.1097393532E-17   1.1579843843E-01    
             6.0702125529E-01   1.0503012093E+00   4.1869935367E-17   1.1116033768E-01    
             5.9451932958E-01   1.0286516861E+00   4.2640198306E-17   1.0665886928E-01    
             5.8201728389E-01   1.0070022322E+00   4.3408474278E-17   1.0229493685E-01    
             5.6951511301E-01   9.8535285064E-01   4.4175061139E-17   9.8068956095E-02    
             5.5701281155E-01   9.6370354446E-01   4.4940263888E-17   9.3980899262E-02    
             5.4451037395E-01   9.4205431689E-01   4.5704396026E-17   9.0030337804E-02    
             5.3200779445E-01   9.2040517128E-01   4.6467781111E-17   8.6216482969E-02    
             5.1950506711E-01   8.9875611104E-01   4.7230754524E-17   8.2538224229E-02    
             5.0700218577E-01   8.7710713975E-01   4.7993665507E-17   7.8994165450E-02    
             4.9449914404E-01   8.5545826108E-01   4.8756879521E-17   7.5582658763E-02    
             4.8199593531E-01   8.3380947886E-01   4.9520780964E-17   7.2301836160E-02    
             4.6949255271E-01   8.1216079707E-01   5.0285776342E-17   6.9149638839E-02    
             4.5698898907E-01   7.9051221983E-01   5.1052297940E-17   6.6123844369E-02    
             4.4448523690E-01   7.6886375149E-01   5.1820808111E-17   6.3222091780E-02    
             4.3198128835E-01   7.4721539657E-01   5.2591804271E-17   6.0441904659E-02    
             4.1947713516E-01   7.2556715985E-01   5.3365824732E-17   5.7780712396E-02    
             4.0697276862E-01   7.0391904637E-01   5.4143455543E-17   5.5235869679E-02    
             3.9446817946E-01   6.8227106147E-01   5.4925338508E-17   5.2804674392E-02    
             3.8196335786E-01   6.6062321085E-01   5.5712180625E-17   5.0484384011E-02    
             3.6945829326E-01   6.3897550059E-01   5.6504765227E-17   4.8272230657E-02    
             3.5695297435E-01   6.1732793724E-01   5.7303965190E-17   4.6165434897E-02    
             3.4444738894E-01   5.9568052785E-01   5.8110758637E-17   4.4161218419E-02    
             3.3194152378E-01   5.7403328006E-01   5.8926247722E-17   4.2256815683E-02    
             3.1943536450E-01   5.5238620220E-01   5.9751681200E-17   4.0449484648E-02    
             3.0692889539E-01   5.3073930334E-01   6.0588481713E-17   3.8736516657E-02    
             2.9442209924E-01   5.0909259343E-01   6.1438278996E-17   3.7115245558E-02    
             2.8191495709E-01   4.8744608342E-01   6.2302950576E-17   3.5583056143E-02    
