AIMSum (Version 19.10.12, Standard)
Copyright (c) 1997-2019 by Todd A. Keith
AIMSum is a component of the AIMAll package ( http://aim.tkgristmill.com )

TP:  64-bit Windows

Much of the Quantum Theory of Atoms in Molecules (QTAIM) is described in the book:
  "Atoms in Molecules - A Quantum Theory"
  R.F.W. Bader, Oxford University Press, Oxford, 1990

For additional references see:  http://aim.tkgristmill.com/references.html

Wfn File:  C:\SharedFolderMolecular\lab8\punto1\ethane\ethane.wfn
Sum File:  C:\SharedFolderMolecular\lab8\punto1\ethane\ethane.sum

SumViz File:  C:\SharedFolderMolecular\lab8\punto1\ethane\ethane.sumviz

Wfn Title:   ethane                                                                        
 
Total memory allocated for AIMSum =        0.409 Megabytes

Atomic units (a.u.) used throughout, except where stated otherwise

Model:  Restricted SCF
 
Restricted, closed-shell, single-determinant wavefunction.
  Number of electrons (from MO Occs)                   =          18.0000000000
  Number of Alpha electrons (from MO Occs)             =           9.0000000000
  Number of Beta electrons (from MO Occs)              =           9.0000000000
  Number of electron pairs (N*(N-1)/2)                 =         153.0000000000
  Number of electron pairs (from Muller 2EDM)          =         153.0000000000
 
Nuclear Charges and Cartesian Coordinates:
-------------------------------------------------------------------------------
Atom      Charge                X                  Y                  Z
-------------------------------------------------------------------------------
C1         6.0          -1.4456916100E+00  -1.7263000000E-04  -9.2240000000E-05
C2         6.0           1.4455651800E+00   2.4030000000E-05  -5.3960000000E-05
H3         1.0          -2.2003335100E+00   1.1173985300E+00  -1.5697820000E+00
H4         1.0          -2.1990330200E+00   8.0185419000E-01   1.7525071200E+00
H5         1.0          -2.2001955900E+00  -1.9183748200E+00  -1.8191730000E-01
H6         1.0           2.1999528200E+00  -1.1174770400E+00   1.5698287000E+00
H7         1.0           2.2004932000E+00  -8.0084631000E-01  -1.7525137600E+00
H8         1.0           2.1998746800E+00   1.9183370900E+00   1.8275444000E-01
 
Some Atomic Properties:
----------------------
  q(A) = Net Charge of Atom A
  L(A) = Lagrangian of Atom A = -(1/4) Times Atomic Integral of the Laplacian of the Electron Density
  K(A) = Electronic Kinetic Energy of Atom A (Hamiltonian Form)
  K_Scaled(A) = K(A) * E(Mol)/K(Mol) = Approximation to Virial-Based Total Energy of Atom A.
  |Mu_Intra(A)| = Magnitude of Intraatomic Dipole Moment of Atom A
--------------------------------------------------------------------------------------------------
Atom A          q(A)              L(A)              K(A)          K_Scaled(A)      |Mu_Intra(A)|
--------------------------------------------------------------------------------------------------
C1        9.0312035000E-02 -1.5015147549E-04  3.7594450869E+01 -3.7999733335E+01  1.8084726816E-03
C2        9.0089393900E-02 -2.9869633652E-04  3.7594412686E+01 -3.7999694741E+01  1.5234722026E-03
H3       -3.0112108700E-02  2.2232045092E-05  6.3303608011E-01 -6.3986044960E-01  1.3470980468E-01
H4       -3.0145681500E-02  2.3146763850E-05  6.3306705861E-01 -6.3989176206E-01  1.3472916093E-01
H5       -3.0086588300E-02  2.6885960811E-05  6.3305724987E-01 -6.3988184759E-01  1.3469485494E-01
H6       -3.0121995400E-02  2.3241843812E-05  6.3304147171E-01 -6.3986589933E-01  1.3471770432E-01
H7       -3.0135742100E-02  2.3628545415E-05  6.3304340204E-01 -6.3986785047E-01  1.3472373404E-01
H8       -3.0114297500E-02  2.6903646587E-05  6.3304663982E-01 -6.3987112315E-01  1.3471116785E-01
--------------------------------------------------------------------------------------------------
Total    -3.1498460000E-04 -3.0280900644E-04  7.8987155457E+01 -7.9838667008E+01
 
1st Largest |L(A)| = 2.9869633652E-04, atom C2      
2nd Largest |L(A)| = 1.5015147549E-04, atom C1      
 
Molecular charge q(Mol) from the wfn file:   0.0000000000E+00
Molecular energy E(Mol) from the wfn file:  -7.9838739223E+01
Molecular virial ratio (-V(Mol)/T(Mol)) from the wfn file:   2.0107803800E+00
Note.  K_Scaled(A) = (1+V(Mol)/T(Mol))*K(A) = (E(Mol)/T(Mol))*K(A)
       Only use K_Scaled(A) data with caution.
 
N_AIMInt(SumA)     =         18.000315
N_Analytic(Mol)    =         17.999997
 
G_AIMInt(SumA)     =         78.987458
G_Analytic(Mol)    =         78.987220
 
K_AIMInt(SumA)     =         78.987155
K_Analytic(Mol)    =         78.987220
 
L_AIMInt(SumA)     =         -0.000303
L_Analytic(Mol)    =          0.000000
 
VenT_AIMInt(SumA)  =       -268.111614
VenT_Analytic(Mol) =       -268.109912
 
Some Information About the Atomic Calculations:
----------------------------------------------
  Time(sec) = "Elapsed User Time", in Seconds, for Atom A by AIMInt and, if used, by TWOe
  NProc = Number of Processors Used for AIMInt Job
  BIM = Basin Integration Method
  OAQ = Angular Quadrature Outside of Beta Sphere
  ORQ = Multiple of Default for Radial Quadrature Outside of Beta Sphere
  IAQ = Multiple of Default for Angular Quadrature Inside of Beta Sphere
  IRQ = Multiple of Default for Radial Quadrature Inside of Beta Sphere
  MIR = Maximum Integration Radius
------------------------------------------------------------------------------------------------------
Atom A     Time(sec)   NProc      BIM          OAQ                     ORQ      IAQ      IRQ      MIR
------------------------------------------------------------------------------------------------------
C1             11        1     Proaim(5)    4500(GS4)                  1.00     1.00     1.00    13.00
C2             11        1     Proaim(5)    4500(GS4)                  1.00     1.00     1.00    13.00
H3              2        1     Proaim(5)    1800(GS4)                  1.00     1.00     1.00    13.00
H4              2        1     Proaim(5)    1800(GS4)                  1.00     1.00     1.00    13.00
H5              2        1     Proaim(5)    1800(GS4)                  1.00     1.00     1.00    13.00
H6              2        1     Proaim(5)    1800(GS4)                  1.00     1.00     1.00    13.00
H7              2        1     Proaim(5)    1800(GS4)                  1.00     1.00     1.00    13.00
H8              2        1     Proaim(5)    1800(GS4)                  1.00     1.00     1.00    13.00
------------------------------------------------------------------------------------------------------
Total          34
Note:  Total wall clock time is less than total of atomic times if more than one atom
       was calculated at a time
 
Electron Density Critical Point Analysis of Molecular Structure:               
---------------------------------------------------------------                
  NACP = Nuclear Attractor Critical Point                                      
  NNACP = Non-Nuclear Attractor Critical Point                                 
  BCP = Bond Critical Point                                                    
  RCP = Ring Critical Point                                                    
  CCP = Cage Critical Point                                                    
  Rho = Electron Density                                                       
  GradRho = Gradient of Electron Density                                       
  HessRho_EigVals = Eigenvalues of the Hessian of Rho, Ascending Order         
  HessRho_EigVecs = Eigenvectors of the Hessian of Rho                         
  DelSqRho = Laplacian of Rho = Trace of Hessian of Rho                        
  Bond Ellipticity = (HessRho_EigVal(1) / HessRho_EigVal(2)) - 1               
  V = Virial Field = Potential Energy Density = Trace of Stress Tensor         
  G = Lagrangian Form of Kinetic Energy Density                                
  K = Hamiltonian Form of Kinetic Energy Density                               
  L = K - G = Lagrangian Density = (-1/4)DelSqRho                              
  Vnuc = Electrostatic Potential from Nuclei                                   
  Ven = Electron-nuclear attractive contribution to Virial Field V             
  Vrep = V - Ven = Repulsive contribution to Virial Field V                    
  DelSqV = Laplacian of V                                                      
  DelSqVen = Laplacian of Ven                                                  
  DelSqVrep = Laplacian of Vrep                                                
  DelSqG = Laplacian of G                                                      
  DelSqK = Laplacian of K                                                      
  Stress_EigVals = Eigenvalues of Stress Tensor, Ascending Order               
  Stress_EigVecs = Eigenvectors of Stress Tensor                               
  -DivStress = Ehrenfest Force Density = Minus Divergence of Stress Tensor     
  ESP = Total Electrostatic Potential                                          
  ESPe = Electrostatic Potential from Electrons                                
  ESPn = Electrostatic Potential from Nuclei                                   
  BP = Bond Path                                                               
  BPL = Bond Path Length                                                       
  GBL = Geometric Bond Length                                                  
  GBL_I = Distance Between Nuclear Attractors                                  
  GBL_II = Distance Between Nuclei                                             
  GBL_III = Sum of Distances Between BCP and Nuclear Attractors                
  GBL_IV = Sum of Distances Between BCP and Nuclei                             

CP# 1      Coords = -1.44569134603245E+00 -1.72627619681931E-04 -9.22390737182032E-05
           Type = (3,-3) NACP C1
           Rho =  1.1753849790E+02     Rho at Nucleus =  1.1753849789E+02
           GradRho = -3.5584487726E-12 -1.2184086137E-15  8.6053126430E-16
           HessRho_EigVals = -1.4483485852E+05 -1.4483452758E+05 -1.4483452721E+05
           HessRho_EigVec1 =  9.9999994863E-01 -2.2870261412E-04  2.2455747975E-04
           HessRho_EigVec2 =  2.4908910349E-04  9.9543576690E-01 -9.5433599614E-02
           HessRho_EigVec3 = -2.0170663336E-04  9.5433650647E-02  9.9543577273E-01
           DelSqRho = -4.3450391331E+05
           Bond Ellipticity = NA
           V = -1.0863627872E+05
           G =  5.1501951172E+00
           K =  1.0863112852E+05
           L =  1.0862597833E+05
           Vnuc =  2.2729006618E+07
           Ven = -2.6715332966E+09
           Vrep =  2.6714246603E+09
           DelSqV =  2.4923555846E+09
           DelSqVen =  9.8758075351E+12
           DelSqVrep = -9.8733151795E+12
           DelSqG =  1.3387650300E+08
           DelSqK = -2.6262320876E+09
           Stress_EigVals = -3.6212121055E+04 -3.6212120941E+04 -3.6212036723E+04
           Stress_EigVec1 =  6.3014419985E-04  9.9188206784E-01  1.2715960997E-01
           Stress_EigVec2 =  3.8862058497E-04 -1.2715986851E-01  9.9188215873E-01
           Stress_EigVec3 =  9.9999972595E-01 -5.7561194724E-04 -4.6559484303E-04
           -DivStress = -2.1638000824E+02 -1.9266927427E+00 -7.4710085590E-01
           ESP =  -1.4750731622E+01     ESP at Nucleus =  -1.4750731623E+01
           ESPe = -1.9003188623E+01     ESPe at Nucleus = -1.9003188461E+01
           ESPn =  4.2524570014E+00     ESPn at Nucleus =  4.2524568382E+00

CP# 2      Coords =  1.44556491842164E+00  2.40293437015023E-05 -5.39604035921462E-05
           Type = (3,-3) NACP C2
           Rho =  1.1753849725E+02     Rho at Nucleus =  1.1753849725E+02
           GradRho = -1.6010585547E-11 -1.8614396049E-16 -4.1557469271E-16
           HessRho_EigVals = -1.4483485624E+05 -1.4483452519E+05 -1.4483452501E+05
           HessRho_EigVec1 =  9.9999993186E-01  1.7275896481E-04  3.2622764491E-04
           HessRho_EigVec2 = -6.7188888278E-05  9.5415022270E-01 -2.9932816108E-01
           HessRho_EigVec3 = -3.6298180329E-04  2.9932811877E-01  9.5415016929E-01
           DelSqRho = -4.3450390644E+05
           Bond Ellipticity = NA
           V = -1.0863627684E+05
           G =  5.1501146472E+00
           K =  1.0863112672E+05
           L =  1.0862597661E+05
           Vnuc =  2.2937582241E+07
           Ven = -2.6960489471E+09
           Vrep =  2.6959403109E+09
           DelSqV =  2.4923555464E+09
           DelSqVen =  9.9664128901E+12
           DelSqVrep = -9.9639205346E+12
           DelSqG =  1.3387649932E+08
           DelSqK = -2.6262320457E+09
           Stress_EigVals = -3.6212120345E+04 -3.6212120317E+04 -3.6212036178E+04
           Stress_EigVec1 = -2.3146443687E-04  9.8002000360E-01  1.9889881591E-01
           Stress_EigVec2 = -4.1094741948E-04 -1.9889889767E-01  9.8001992818E-01
           Stress_EigVec3 =  9.9999988877E-01  1.4510280566E-04  4.4877471286E-04
           -DivStress =  2.1444108071E+02  5.3264592734E-01  3.2779097817E-01
           ESP =  -1.4750732358E+01     ESP at Nucleus =  -1.4750732359E+01
           ESPe = -1.9003206425E+01     ESPe at Nucleus = -1.9003206264E+01
           ESPn =  4.2524740670E+00     ESPn at Nucleus =  4.2524739053E+00

CP# 3      Coords = -2.18605501880462E+00  1.09678206058129E+00 -1.54083068575789E+00
           Type = (3,-3) NACP H3
           Rho =  4.2879365343E-01     Rho at Nucleus =  4.2434676193E-01
           GradRho = -9.9150288674E-16  2.9316826744E-16  4.1633363423E-16
           HessRho_EigVals = -6.4885753257E+00 -6.4866420518E+00 -5.8764646747E+00
           HessRho_EigVec1 =  9.2850634542E-01  2.1685975070E-01 -3.0140971291E-01
           HessRho_EigVec2 = -1.6881571473E-03  8.1418955958E-01  5.8059668548E-01
           HessRho_EigVec3 =  3.7131269388E-01 -5.3857887964E-01  7.5634626579E-01
           DelSqRho = -1.8851682052E+01
           Bond Ellipticity = NA
           V = -4.7295286393E+00
           G =  8.3040631349E-03
           K =  4.7212245762E+00
           L =  4.7129205131E+00
           Vnuc =  3.1722126722E+01
           Ven = -1.3602246612E+01
           Vrep =  8.8727179725E+00
           DelSqV =  7.0628367202E+02
           DelSqVen =  5.9801544698E+02
           DelSqVrep =  1.0826822503E+02
           DelSqG =  6.9460199539E+01
           DelSqK = -7.7574387156E+02
           Stress_EigVals = -1.6285323434E+00 -1.6284859106E+00 -1.4725103853E+00
           Stress_EigVec1 = -9.2825733829E-01 -1.9909602884E-01  3.1416410553E-01
           Stress_EigVec2 =  1.8620839037E-02  8.1873097909E-01  5.7387528979E-01
           Stress_EigVec3 =  3.7147217696E-01 -5.3855394825E-01  7.5628570432E-01
           -DivStress = -3.1949536621E+00  4.6132474201E+00 -6.4782592716E+00
           ESP =  -1.1356978833E+00     ESP at Nucleus =  -1.1375354896E+00
           ESPe = -6.7499679704E+00     ESPe at Nucleus = -6.6784535780E+00
           ESPn =  5.6142700871E+00     ESPn at Nucleus =  5.5409180884E+00

CP# 4      Coords = -2.18478214509164E+00  7.87057997721419E-01  1.72018130341792E+00
           Type = (3,-3) NACP H4
           Rho =  4.2880316652E-01     Rho at Nucleus =  4.2435654270E-01
           GradRho =  2.3516345121E-16  2.8969882049E-16  1.6653345369E-16
           HessRho_EigVals = -6.4887054819E+00 -6.4867719041E+00 -5.8766048389E+00
           HessRho_EigVec1 =  9.2878204976E-01  1.5515908634E-01  3.3658514817E-01
           HessRho_EigVec2 = -9.3197779752E-04  9.0912706320E-01 -4.1651784401E-01
           HessRho_EigVec3 = -3.7062519539E-01  3.8654060703E-01  8.4452550208E-01
           DelSqRho = -1.8852082225E+01
           Bond Ellipticity = NA
           V = -4.7296313936E+00
           G =  8.3054186633E-03
           K =  4.7213259749E+00
           L =  4.7130205562E+00
           Vnuc =  3.1723648565E+01
           Ven = -1.3603200958E+01
           Vrep =  8.8735695647E+00
           DelSqV =  7.0629973403E+02
           DelSqVen =  5.9805683121E+02
           DelSqVrep =  1.0824290281E+02
           DelSqG =  6.9461640579E+01
           DelSqK = -7.7576137461E+02
           Stress_EigVals = -1.6285666752E+00 -1.6285181815E+00 -1.4725465368E+00
           Stress_EigVec1 =  9.2859788433E-01  1.3923837429E-01  3.4397477282E-01
           Stress_EigVec2 =  1.5374373173E-02  9.1170561757E-01 -4.1055632444E-01
           Stress_EigVec3 = -3.7076892785E-01  3.8653013079E-01  8.4446720489E-01
           -DivStress = -3.1888183844E+00  3.3109502498E+00  7.2335117222E+00
           ESP =  -1.1357157947E+00     ESP at Nucleus =  -1.1375536699E+00
           ESPe = -6.7504438433E+00     ESPe at Nucleus = -6.6789332134E+00
           ESPn =  5.6147280487E+00     ESPn at Nucleus =  5.5413795434E+00

CP# 5      Coords = -2.18591731980740E+00 -1.88298450743961E+00 -1.78563284324090E-01
           Type = (3,-3) NACP H5
           Rho =  4.2881978262E-01     Rho at Nucleus =  4.2437121816E-01
           GradRho = -1.3419339695E-15 -1.8030282128E-16 -4.3368086899E-18
           HessRho_EigVals = -6.4888776761E+00 -6.4869409226E+00 -5.8766090153E+00
           HessRho_EigVec1 =  9.2853415405E-01 -3.6970563644E-01 -3.3794484049E-02
           HessRho_EigVec2 = -1.1510555468E-03 -9.3896192713E-02  9.9558132770E-01
           HessRho_EigVec3 =  3.7124520178E-01  9.2439236657E-01  8.7611373593E-02
           DelSqRho = -1.8852427614E+01
           Bond Ellipticity = NA
           V = -4.7297163622E+00
           G =  8.3047293552E-03
           K =  4.7214116329E+00
           L =  4.7131069035E+00
           Vnuc =  3.1717841733E+01
           Ven = -1.3601237997E+01
           Vrep =  8.8715216346E+00
           DelSqV =  7.0630353031E+02
           DelSqVen =  5.9795831533E+02
           DelSqVrep =  1.0834521498E+02
           DelSqG =  6.9461528890E+01
           DelSqK = -7.7576505920E+02
           Stress_EigVals = -1.6286089623E+00 -1.6285621882E+00 -1.4725452117E+00
           Stress_EigVec1 = -9.2847383825E-01  3.6981430729E-01  3.4259448425E-02
           Stress_EigVec2 = -7.3035666758E-04 -9.4062504583E-02  9.9556602584E-01
           Stress_EigVec3 =  3.7139708973E-01  9.2433198763E-01  8.7604671011E-02
           -DivStress = -3.1950092726E+00 -7.9193876964E+00 -7.5053658656E-01
           ESP =  -1.1356818299E+00     ESP at Nucleus =  -1.1375214183E+00
           ESPe = -6.7501140387E+00     ESPe at Nucleus = -6.6785825806E+00
           ESPn =  5.6144322088E+00     ESPn at Nucleus =  5.5410611622E+00

CP# 6      Coords =  2.18567913284337E+00 -1.09686446533216E+00  1.54087394794188E+00
           Type = (3,-3) NACP H6
           Rho =  4.2879314994E-01     Rho at Nucleus =  4.2434655163E-01
           GradRho =  4.2554935270E-17  5.2041704279E-16 -3.2265856653E-16
           HessRho_EigVals = -6.4885763996E+00 -6.4866374026E+00 -5.8764848970E+00
           HessRho_EigVec1 =  9.2855482498E-01  2.1534866298E-01 -3.0234233969E-01
           HessRho_EigVec2 = -8.8745866553E-05  8.1463896106E-01  5.7996840883E-01
           HessRho_EigVec3 =  3.7119527090E-01 -5.3850563272E-01  7.5645604921E-01
           DelSqRho = -1.8851698699E+01
           Bond Ellipticity = NA
           V = -4.7295337877E+00
           G =  8.3045564590E-03
           K =  4.7212292313E+00
           L =  4.7129246748E+00
           Vnuc =  3.1723121532E+01
           Ven = -1.3602657208E+01
           Vrep =  8.8731234201E+00
           DelSqV =  7.0628567218E+02
           DelSqVen =  5.9803472892E+02
           DelSqVrep =  1.0825094325E+02
           DelSqG =  6.9460413070E+01
           DelSqK = -7.7574608525E+02
           Stress_EigVals = -1.6285321513E+00 -1.6284857294E+00 -1.4725159070E+00
           Stress_EigVec1 = -9.2843849611E-01 -2.0664276521E-01  3.0870815753E-01
           Stress_EigVec2 =  9.9265129290E-03  8.1691161545E-01  5.7667744613E-01
           Stress_EigVec3 =  3.7135350177E-01 -5.3847393635E-01  7.5640094963E-01
           -DivStress =  3.1938781785E+00 -4.6123716707E+00  6.4790445521E+00
           ESP =  -1.1357071671E+00     ESP at Nucleus =  -1.1375445808E+00
           ESPe = -6.7500940522E+00     ESPe at Nucleus = -6.6785823748E+00
           ESPn =  5.6143868851E+00     ESPn at Nucleus =  5.5410377939E+00

CP# 7      Coords =  2.18620923023176E+00 -7.86074443805516E-01 -1.72019113967587E+00
           Type = (3,-3) NACP H7
           Rho =  4.2879362943E-01     Rho at Nucleus =  4.2434704436E-01
           GradRho =  6.1040582311E-16 -2.4719809533E-16 -1.4224732503E-16
           HessRho_EigVals = -6.4885656719E+00 -6.4866278986E+00 -5.8764774600E+00
           HessRho_EigVec1 =  9.2844700178E-01  1.5448998951E-01  3.3781505002E-01
           HessRho_EigVec2 = -8.8501122817E-05  9.0950510395E-01 -4.1569274477E-01
           HessRho_EigVec3 = -3.7146487996E-01  3.8591878553E-01  8.4444095941E-01
           DelSqRho = -1.8851671031E+01
           Bond Ellipticity = NA
           V = -4.7295274328E+00
           G =  8.3048375642E-03
           K =  4.7212225952E+00
           L =  4.7129177576E+00
           Vnuc =  3.1722944580E+01
           Ven = -1.3602596543E+01
           Vrep =  8.8730691101E+00
           DelSqV =  7.0628447702E+02
           DelSqVen =  5.9803051534E+02
           DelSqVrep =  1.0825396167E+02
           DelSqG =  6.9460132408E+01
           DelSqK = -7.7574460942E+02
           Stress_EigVals = -1.6285294846E+00 -1.6284835126E+00 -1.4725144355E+00
           Stress_EigVec1 =  9.2836241044E-01  1.4856840557E-01  3.4069144949E-01
           Stress_EigVec2 =  6.0226429345E-03  9.1050148224E-01 -4.1346194337E-01
           Stress_EigVec3 = -3.7162745144E-01  3.8589438932E-01  8.4438057630E-01
           -DivStress =  3.1961835618E+00 -3.3054174721E+00 -7.2326394922E+00
           ESP =  -1.1357174950E+00     ESP at Nucleus =  -1.1375550566E+00
           ESPe = -6.7499057294E+00     ESPe at Nucleus = -6.6783938857E+00
           ESPn =  5.6141882344E+00     ESPn at Nucleus =  5.5408388291E+00

CP# 8      Coords =  2.18560147840913E+00  1.88295310561820E+00  1.79382974571362E-01
           Type = (3,-3) NACP H8
           Rho =  4.2879820092E-01     Rho at Nucleus =  4.2435119855E-01
           GradRho =  5.6006496099E-16  1.2883032315E-16 -4.0766001685E-17
           HessRho_EigVals = -6.4886355186E+00 -6.4866957886E+00 -5.8765090677E+00
           HessRho_EigVec1 =  9.2856709238E-01 -3.6944633649E-01 -3.5672950513E-02
           HessRho_EigVec2 =  4.3483558874E-04 -9.5027979273E-02  9.9547450699E-01
           HessRho_EigVec3 =  3.7116433808E-01  9.2438038037E-01  8.8079205993E-02
           DelSqRho = -1.8851840375E+01
           Bond Ellipticity = NA
           V = -4.7295690307E+00
           G =  8.3044684979E-03
           K =  4.7212645622E+00
           L =  4.7129600937E+00
           Vnuc =  3.1722049413E+01
           Ven = -1.3602357718E+01
           Vrep =  8.8727886869E+00
           DelSqV =  7.0628907422E+02
           DelSqVen =  5.9801901190E+02
           DelSqVrep =  1.0827006233E+02
           DelSqG =  6.9460644534E+01
           DelSqK = -7.7574971876E+02
           Stress_EigVals = -1.6285469559E+00 -1.6285006276E+00 -1.4725214472E+00
           Stress_EigVec1 = -9.2847549760E-01  3.6889309175E-01  4.3024844091E-02
           Stress_EigVec2 =  7.2798472512E-03 -9.7747837370E-02  9.9518458796E-01
           Stress_EigVec3 =  3.7132230498E-01  9.2431771981E-01  8.8070986582E-02
           -DivStress =  3.1937895394E+00  7.9177398698E+00  7.5441739735E-01
           ESP =  -1.1357007155E+00     ESP at Nucleus =  -1.1375384964E+00
           ESPe = -6.7501132229E+00     ESPe at Nucleus = -6.6785975179E+00
           ESPn =  5.6144125074E+00     ESPn at Nucleus =  5.5410590215E+00

CP# 9      Coords = -8.51869164331516E-05 -1.03292314475642E-04 -1.41885332471893E-04
           Type = (3,-1) BCP C2 C1
           Rho =  2.4312886104E-01
           GradRho =  1.2107254691E-16  1.1699642584E-19 -7.7523367008E-20
           HessRho_EigVals = -4.4658684450E-01 -4.4656513433E-01  3.3739345305E-01
           HessRho_EigVec1 = -7.5446396674E-05  9.9489794933E-01 -1.0088639513E-01
           HessRho_EigVec2 = -3.9022360795E-05  1.0088639241E-01  9.9489795170E-01
           HessRho_EigVec3 =  9.9999999639E-01  7.8998290824E-05  3.1211751953E-05
           DelSqRho = -5.5575852577E-01
           Bond Ellipticity =  4.8615901534E-05
           V = -2.4796519856E-01
           G =  5.4512783557E-02
           K =  1.9345241500E-01
           L =  1.3893963144E-01
           Vnuc =  1.0352465595E+01
           Ven = -2.5169831691E+00
           Vrep =  2.2690179705E+00
           DelSqV = -1.5651917599E+00
           DelSqVen =  5.7534710172E+00
           DelSqVrep = -7.3186627770E+00
           DelSqG =  1.0349136057E+00
           DelSqK =  5.3027815417E-01
           Stress_EigVals = -1.6056728841E-01 -1.6056361182E-01  7.3165701674E-02
           Stress_EigVec1 = -5.9863932098E-05  2.0236304098E-01  9.7931057181E-01
           Stress_EigVec2 = -7.4570965363E-05  9.7931056994E-01 -2.0236304515E-01
           Stress_EigVec3 =  9.9999999543E-01  8.5142382324E-05  4.3534974142E-05
           -DivStress = -3.7225838430E-05  9.7485845875E-06  2.1519224507E-05
           ESP =   6.0462189026E-01
           ESPe = -9.7478437047E+00
           ESPn =  1.0352465595E+01
           BPL =  2.8912562775E+00 =  1.4456501137E+00 +  1.4456061637E+00                
           GBL_I =  2.8912562714E+00                                                      
           GBL_II =  2.8912567969E+00                                                     
           GBL_III =  2.8912562752E+00 =  1.4456501136E+00 +  1.4456061616E+00            
           GBL_IV =  2.8912568008E+00 =  1.4456503752E+00 +  1.4456064256E+00             
             59 sample points along path from BCP to atom C2
            -8.5186916433E-05  -1.0329231448E-04  -1.4188533247E-04   2.4312886104E-01    
             2.4914812992E-02  -1.0131132379E-04  -1.4108895077E-04   2.4323425184E-01    
             4.9914812899E-02  -9.9318135467E-05  -1.4026032721E-04   2.4354988568E-01    
             7.4914812804E-02  -9.7312171275E-05  -1.3939836642E-04   2.4407413576E-01    
             9.9914812706E-02  -9.5293298430E-05  -1.3850315680E-04   2.4480425707E-01    
             1.2491481261E-01  -9.3261368163E-05  -1.3757475356E-04   2.4573634038E-01    
             1.4991481250E-01  -9.1216249810E-05  -1.3661327639E-04   2.4686525493E-01    
             1.7491481240E-01  -8.9157823571E-05  -1.3561889732E-04   2.4818458722E-01    
             1.9991481229E-01  -8.7085968304E-05  -1.3459181521E-04   2.4968658608E-01    
             2.2491481218E-01  -8.5000547465E-05  -1.3353222476E-04   2.5136212693E-01    
             2.4991481207E-01  -8.2901393707E-05  -1.3244028092E-04   2.5320071142E-01    
             2.7491481196E-01  -8.0788292310E-05  -1.3131605814E-04   2.5519052249E-01    
             2.9991481184E-01  -7.8660963709E-05  -1.3015950374E-04   2.5731855852E-01    
             3.2491481172E-01  -7.6519045712E-05  -1.2897038443E-04   2.5957087512E-01    
             3.4991481160E-01  -7.4362076637E-05  -1.2774822549E-04   2.6193296777E-01    
             3.7491481147E-01  -7.2189481740E-05  -1.2649224303E-04   2.6439033449E-01    
             3.9991481134E-01  -7.0000567158E-05  -1.2520127196E-04   2.6692926447E-01    
             4.2491481121E-01  -6.7794528530E-05  -1.2387369686E-04   2.6953790819E-01    
             4.4991481107E-01  -6.5570485649E-05  -1.2250740035E-04   2.7220769716E-01    
             4.7491481093E-01  -6.3327559693E-05  -1.2109975654E-04   2.7493520085E-01    
             4.9991481079E-01  -6.1065014215E-05  -1.1964771384E-04   2.7772453724E-01    
             5.2491481064E-01  -5.8782480524E-05  -1.1814803023E-04   2.8059049760E-01    
             5.4991481048E-01  -5.6480273819E-05  -1.1659772943E-04   2.8356261159E-01    
             5.7491481033E-01  -5.4159767123E-05  -1.1499481364E-04   2.8669047556E-01    
             5.9991481016E-01  -5.1823723111E-05  -1.1333916514E-04   2.9005080431E-01    
             6.2491480999E-01  -4.9476416361E-05  -1.1163339874E-04   2.9375685734E-01    
             6.4991480982E-01  -4.7123378328E-05  -1.0988328125E-04   2.9797114697E-01    
             6.7491480965E-01  -4.4770727224E-05  -1.0809738215E-04   3.0292266820E-01    
             6.9991480947E-01  -4.2424264529E-05  -1.0628594085E-04   3.0893030341E-01    
             7.2491480930E-01  -4.0088664650E-05  -1.0445934402E-04   3.1643454375E-01    
             7.4991480912E-01  -3.7767023933E-05  -1.0262677383E-04   3.2604020823E-01    
             7.7491480895E-01  -3.5460828936E-05  -1.0079540584E-04   3.3857338475E-01    
             7.9991480878E-01  -3.3170224161E-05  -9.8970206991E-05   3.5515629983E-01    
             8.2491480861E-01  -3.0894404054E-05  -9.7154159277E-05   3.7730419992E-01    
             8.4991480844E-01  -2.8631995254E-05  -9.5348684122E-05   4.0704866029E-01    
             8.7491480827E-01  -2.6381362652E-05  -9.3554098995E-05   4.4709238653E-01    
             8.9991480811E-01  -2.4140823799E-05  -9.1770015695E-05   5.0100247753E-01    
             9.2491480795E-01  -2.1908782181E-05  -8.9995648284E-05   5.7345412008E-01    
             9.4991480778E-01  -1.9683798213E-05  -8.8230030925E-05   6.7054766890E-01    
             9.7491480762E-01  -1.7464616428E-05  -8.6472159278E-05   8.0024245496E-01    
             9.9991480746E-01  -1.5250163963E-05  -8.4721072306E-05   9.7298268732E-01    
             1.0249148073E+00  -1.3039531940E-05  -8.2975890070E-05   1.2026320443E+00    
             1.0499148071E+00  -1.0831948717E-05  -8.1235820965E-05   1.5078719267E+00    
             1.0749148070E+00  -8.6267524084E-06  -7.9500150386E-05   1.9142270205E+00    
             1.0999148068E+00  -6.4233686535E-06  -7.7768222343E-05   2.4568177811E+00    
             1.1249148067E+00  -4.2212973986E-06  -7.6039424615E-05   3.1837579376E+00    
             1.1499148065E+00  -2.0201085845E-06  -7.4313184675E-05   4.1598356489E+00    
             1.1749148064E+00   1.8055779872E-07  -7.2588977160E-05   5.4700089581E+00    
             1.1999148062E+00   2.3809945261E-06  -7.0866336657E-05   7.2231239318E+00    
             1.2249148061E+00   4.5814388275E-06  -6.9144865764E-05   9.5593540315E+00    
             1.2499148059E+00   6.7820926717E-06  -6.7424230598E-05   1.2669664727E+01    
             1.2749148057E+00   8.9831401646E-06  -6.5704144858E-05   1.6834708559E+01    
             1.2999148056E+00   1.1184742774E-05  -6.3984356587E-05   2.2467059305E+01    
             1.3249148054E+00   1.3387012568E-05  -6.2264652733E-05   3.0092421563E+01    
             1.3499148053E+00   1.5590018366E-05  -6.0544863863E-05   4.0269195685E+01    
             1.3749148051E+00   1.7793894262E-05  -5.8824816231E-05   5.3920463585E+01    
             1.3999148050E+00   1.9998862717E-05  -5.7104303910E-05   7.2736966726E+01    
             1.4249148048E+00   2.2205181943E-05  -5.5383103592E-05   9.7705079253E+01    
             1.4455649184E+00   2.4029343702E-05  -5.3960403592E-05   1.1753849725E+02    
             59 sample points along path from BCP to atom C1
            -8.5186916433E-05  -1.0329231448E-04  -1.4188533247E-04   2.4312886104E-01    
            -2.5085186827E-02  -1.0526134270E-04  -1.4264967126E-04   2.4323425152E-01    
            -5.0085186740E-02  -1.0721879691E-04  -1.4338256374E-04   2.4354988309E-01    
            -7.5085186654E-02  -1.0916478025E-04  -1.4408379187E-04   2.4407412697E-01    
            -1.0008518657E-01  -1.1109985923E-04  -1.4475436078E-04   2.4480423614E-01    
            -1.2508518649E-01  -1.1302463512E-04  -1.4539533192E-04   2.4573629925E-01    
            -1.5008518641E-01  -1.1493979204E-04  -1.4600794645E-04   2.4686518336E-01    
            -1.7508518633E-01  -1.1684610408E-04  -1.4659363899E-04   2.4818447271E-01    
            -2.0008518625E-01  -1.1874443583E-04  -1.4715403510E-04   2.4968641386E-01    
            -2.2508518617E-01  -1.2063573783E-04  -1.4769093841E-04   2.5136187995E-01    
            -2.5008518610E-01  -1.2252103551E-04  -1.4820630492E-04   2.5320037049E-01    
            -2.7508518602E-01  -1.2440140848E-04  -1.4870219926E-04   2.5519006649E-01    
            -3.0008518594E-01  -1.2627795534E-04  -1.4918072418E-04   2.5731796485E-01    
            -3.2508518587E-01  -1.2815173690E-04  -1.4964391087E-04   2.5957012035E-01    
            -3.5008518580E-01  -1.3002368748E-04  -1.5009355165E-04   2.6193202861E-01    
            -3.7508518572E-01  -1.3189447970E-04  -1.5053094970E-04   2.6438918910E-01    
            -4.0008518565E-01  -1.3376432324E-04  -1.5095655161E-04   2.6692789427E-01    
            -4.2508518558E-01  -1.3563267302E-04  -1.5136942073E-04   2.6953630023E-01    
            -4.5008518550E-01  -1.3749782041E-04  -1.5176650665E-04   2.7220584722E-01    
            -4.7508518543E-01  -1.3935634818E-04  -1.5214168044E-04   2.7493311737E-01    
            -5.0008518536E-01  -1.4120245774E-04  -1.5248455640E-04   2.7772224647E-01    
            -5.2508518529E-01  -1.4302724257E-04  -1.5277923787E-04   2.8058805012E-01    
            -5.5008518523E-01  -1.4481809832E-04  -1.5300333054E-04   2.8356009082E-01    
            -5.7508518517E-01  -1.4655861317E-04  -1.5312783140E-04   2.8668800890E-01    
            -6.0008518511E-01  -1.4822938458E-04  -1.5311866838E-04   2.9004857781E-01    
            -6.2508518506E-01  -1.4981008555E-04  -1.5294042891E-04   2.9375513537E-01    
            -6.5008518501E-01  -1.5128260934E-04  -1.5256193040E-04   2.9797029865E-01    
            -6.7508518497E-01  -1.5263440736E-04  -1.5196203710E-04   3.0292320321E-01    
            -7.0008518493E-01  -1.5386074312E-04  -1.5113348105E-04   3.0893292045E-01    
            -7.2508518488E-01  -1.5496499308E-04  -1.5008321097E-04   3.1644019590E-01    
            -7.5008518483E-01  -1.5595710226E-04  -1.4882952852E-04   3.2605019039E-01    
            -7.7508518477E-01  -1.5685107649E-04  -1.4739760600E-04   3.3858944930E-01    
            -8.0008518471E-01  -1.5766249178E-04  -1.4581511069E-04   3.5518080737E-01    
            -8.2508518464E-01  -1.5840661055E-04  -1.4410894636E-04   3.7734031246E-01    
            -8.5008518456E-01  -1.5909724605E-04  -1.4230332839E-04   4.0710058500E-01    
            -8.7508518448E-01  -1.5974625008E-04  -1.4041894968E-04   4.4716568002E-01    
            -9.0008518440E-01  -1.6036342043E-04  -1.3847286665E-04   5.0110442583E-01    
            -9.2508518431E-01  -1.6095664782E-04  -1.3647878440E-04   5.7359422282E-01    
            -9.5008518422E-01  -1.6153217542E-04  -1.3444751944E-04   6.7073828253E-01    
            -9.7508518413E-01  -1.6209489280E-04  -1.3238750784E-04   8.0049969602E-01    
            -1.0000851840E+00  -1.6264861998E-04  -1.3030528869E-04   9.7332776273E-01    
            -1.0250851839E+00  -1.6319635760E-04  -1.2820593052E-04   1.2030932513E+00    
            -1.0500851839E+00  -1.6374048954E-04  -1.2609338812E-04   1.5084876161E+00    
            -1.0750851838E+00  -1.6428293062E-04  -1.2397078583E-04   1.9150497833E+00    
            -1.1000851837E+00  -1.6482521871E-04  -1.2184062762E-04   2.4579199112E+00    
            -1.1250851836E+00  -1.6536856078E-04  -1.1970493883E-04   3.1852377900E+00    
            -1.1500851835E+00  -1.6591385470E-04  -1.1756535270E-04   4.1618240341E+00    
            -1.1750851834E+00  -1.6646171582E-04  -1.1542316341E-04   5.4726750477E+00    
            -1.2000851833E+00  -1.6701253248E-04  -1.1327937054E-04   7.2266833242E+00    
            -1.2250851832E+00  -1.6756655710E-04  -1.1113473357E-04   9.5640893569E+00    
            -1.2500851831E+00  -1.6812400961E-04  -1.0898983930E-04   1.2675976321E+01    
            -1.2750851830E+00  -1.6868513274E-04  -1.0684516255E-04   1.6843196983E+01    
            -1.3000851829E+00  -1.6925013131E-04  -1.0470108564E-04   2.2478570861E+01    
            -1.3250851828E+00  -1.6981903881E-04  -1.0255787313E-04   3.0107920000E+01    
            -1.3500851827E+00  -1.7039176573E-04  -1.0041568855E-04   4.0289752555E+01    
            -1.3750851826E+00  -1.7096856366E-04  -9.8274766284E-05   5.3948563781E+01    
            -1.4000851825E+00  -1.7155007208E-04  -9.6135458122E-05   7.2774833067E+01    
            -1.4250851824E+00  -1.7213707225E-04  -9.3998160108E-05   9.7759323255E+01    
            -1.4456913460E+00  -1.7262761968E-04  -9.2239073718E-05   1.1753849790E+02    
            329 sample points along IAS +EV1 path from BCP
            -8.5186916433E-05  -1.0329231448E-04  -1.4188533247E-04   2.4312886104E-01    
            -8.7438306224E-05   2.7256400540E-02  -2.9162684751E-03   2.4296007300E-01    
            -9.0418893822E-05   5.2128846851E-02  -5.4384511528E-03   2.4251443844E-01    
            -9.5171108638E-05   7.7001291279E-02  -7.9606496412E-03   2.4179258748E-01    
            -1.0255058900E-04   1.0187373347E-01  -1.0482863809E-02   2.4079778975E-01    
            -1.1341572093E-04   1.2674617281E-01  -1.3005093372E-02   2.3953452745E-01    
            -1.2862854686E-04   1.5161860834E-01  -1.5527337906E-02   2.3800845270E-01    
            -1.4905567495E-04   1.7649103866E-01  -1.8049596829E-02   2.3622633427E-01    
            -1.7556918714E-04   2.0136346184E-01  -2.0571869375E-02   2.3419599444E-01    
            -2.0904754233E-04   2.2623587531E-01  -2.3094154574E-02   2.3192623704E-01    
            -2.5037646965E-04   2.5110827579E-01  -2.5616451228E-02   2.2942676786E-01    
            -3.0044984465E-04   2.7598065917E-01  -2.8138757892E-02   2.2670810835E-01    
            -3.6017053953E-04   3.0085302038E-01  -3.0661072853E-02   2.2378150426E-01    
            -4.3045123617E-04   3.2572535332E-01  -3.3183394124E-02   2.2065883014E-01    
            -5.1221518879E-04   3.5059765072E-01  -3.5705719422E-02   2.1735249132E-01    
            -6.0639692087E-04   3.7546990402E-01  -3.8228046170E-02   2.1387532452E-01    
            -7.1394283898E-04   4.0034210322E-01  -4.0750371485E-02   2.1024049843E-01    
            -8.3581174442E-04   4.2521423679E-01  -4.3272692176E-02   2.0646141546E-01    
            -9.7297522206E-04   4.5008629148E-01  -4.5795004746E-02   2.0255161581E-01    
            -1.1264178846E-03   4.7495825224E-01  -4.8317305387E-02   1.9852468492E-01    
            -1.2971374498E-03   4.9983010197E-01  -5.0839589989E-02   1.9439416518E-01    
            -1.4861446282E-03   5.2470182146E-01  -5.3361854137E-02   1.9017347284E-01    
            -1.6944627995E-03   5.4957338920E-01  -5.5884093113E-02   1.8587582061E-01    
            -1.9231274559E-03   5.7444478119E-01  -5.8406301903E-02   1.8151414673E-01    
            -2.1731853948E-03   5.9931597081E-01  -6.0928475192E-02   1.7710105073E-01    
            -2.4456936442E-03   6.2418692867E-01  -6.3450607364E-02   1.7264873629E-01    
            -2.7417181073E-03   6.4905762244E-01  -6.5972692496E-02   1.6816896132E-01    
            -3.0623319202E-03   6.7392801669E-01  -6.8494724353E-02   1.6367299530E-01    
            -3.4086135173E-03   6.9879807277E-01  -7.1016696372E-02   1.5917158373E-01    
            -3.7816444089E-03   7.2366774869E-01  -7.3538601645E-02   1.5467491972E-01    
            -4.1825066790E-03   7.4853699898E-01  -7.6060432897E-02   1.5019262217E-01    
            -4.6122802200E-03   7.7340577463E-01  -7.8582182458E-02   1.4573372050E-01    
            -5.0720397267E-03   7.9827402298E-01  -8.1103842223E-02   1.4130664522E-01    
            -5.5628514800E-03   8.2314168773E-01  -8.3625403615E-02   1.3691922421E-01    
            -6.0857699583E-03   8.4800870883E-01  -8.6146857529E-02   1.3257868394E-01    
            -6.6418343199E-03   8.7287502259E-01  -8.8668194278E-02   1.2829165528E-01    
