 AIMExt (Version 19.10.12, Standard)
 Portions Copyright (c) 1997-2019 by Todd A. Keith
 AIMExt is a component of the AIMAll package ( http://aim.tkgristmill.com )

 TP:  64-bit Windows

 AIMExt is a heavily modified and extended version of the EXTREME program
 developed by members of R.F.W. Bader's research group

 Much of the Quantum Theory of Atoms in Molecules (QTAIM) is described in the book:
   "Atoms in Molecules - A Quantum Theory"
   R.F.W. Bader, Oxford University Press, Oxford, 1990

 For additional references see:  http://aim.tkgristmill.com/references.html

 Wfn File:  C:\SharedFolderMolecular\lab8\punto1\ethane\ethane.wfn
 ExtOut File:  C:\SharedFolderMolecular\lab8\punto1\ethane\ethane.extout
 Mgp File:  C:\SharedFolderMolecular\lab8\punto1\ethane\ethane.mgp

 MgpViz File:  C:\SharedFolderMolecular\lab8\punto1\ethane\ethane.mgpviz

 Wfn Title:   ethane                                                                        
 Job Title:  Auto                                                                           

 The nuclear coordinates:
      C1           -1.4456916100E+00 -1.7263000000E-04 -9.2240000000E-05
      C2            1.4455651800E+00  2.4030000000E-05 -5.3960000000E-05
      H3           -2.2003335100E+00  1.1173985300E+00 -1.5697820000E+00
      H4           -2.1990330200E+00  8.0185419000E-01  1.7525071200E+00
      H5           -2.2001955900E+00 -1.9183748200E+00 -1.8191730000E-01
      H6            2.1999528200E+00 -1.1174770400E+00  1.5698287000E+00
      H7            2.2004932000E+00 -8.0084631000E-01 -1.7525137600E+00
      H8            2.1998746800E+00  1.9183370900E+00  1.8275444000E-01

 Number of primitives read from wavefunction =     98
 Number of unique primitives to be used =     98

 Using MO basis.

 Number of processors used for this job =    1

 Total memory allocated for AIMExt =       12.806 Megabytes
 
Model:  Restricted SCF
 
 Restricted, closed-shell, single-determinant wavefunction.
   Number of electrons (from MO Occs)                   =          18.0000000000
   Number of Alpha electrons (from MO Occs)             =           9.0000000000
   Number of Beta electrons (from MO Occs)              =           9.0000000000
   Number of electron pairs (N*(N-1)/2)                 =         153.0000000000
   Number of electron pairs (from Muller 2EDM)          =         153.0000000000

 Analyzing Rho, the electron density

 Reading and validating Rho critical points from MGP file:

 New critical point found: CP# 1     

 Number of Newton-Raphson Iterations:     1

 Coordinates of critical point and distance from molecular origin:
          X =  -1.4456913460E+00
          Y =  -1.7262761968E-04
          Z =  -9.2239073718E-05
          R =   1.4456913593E+00

 Vectors and distances from nuclei to critical point:
 Nucleus           X                 Y                 Z                Dist  
 C1         2.6396755293E-07  2.3803180686E-09  9.2628179679E-10  2.6397991005E-07
 C2        -2.8912565260E+00 -1.9665761968E-04 -3.8279073718E-05  2.8912565330E+00
 H3         7.5464216397E-01 -1.1175711576E+00  1.5696897609E+00  2.0693902565E+00
 H4         7.5334167397E-01 -8.0202681762E-01 -1.7525993591E+00  2.0693900568E+00
 H5         7.5450424397E-01  1.9182021924E+00  1.8182506093E-01  2.0692599300E+00
 H6        -3.6456441660E+00  1.1173044124E+00 -1.5699209391E+00  4.1235594200E+00
 H7        -3.6461845460E+00  8.0067368238E-01  1.7524215209E+00  4.1239206196E+00
 H8        -3.6455660260E+00 -1.9185097176E+00 -1.8284667907E-01  4.1236226906E+00

 Angles of vectors with respect to YZ/XZ/XY planes:
 Nucleus        YZ Angle          XZ Angle          XY Angle
 C1         8.9445613582E+01  5.1664548036E-01  2.0104615724E-01
 C2         8.9996029712E+01  3.8971469551E-03  7.5857344045E-04
 H3         2.1387204561E+01  3.2686942279E+01  4.9334571526E+01
 H4         2.1348541884E+01  2.2803181127E+01  5.7877794351E+01
 H5         2.1384516560E+01  6.7971766517E+01  5.0410590501E+00
 H6         6.2141126754E+01  1.5721180321E+01  2.2378279177E+01
 H7         6.2147699469E+01  1.1195278523E+01  2.5146906998E+01
 H8         6.2137140361E+01  2.7726312731E+01  2.5414010553E+00

 The Hessian:
  -1.4483485852E+05  7.5679911916E-05 -7.4388594323E-05
   7.5679911916E-05 -1.4483452758E+05  3.4761303134E-05
  -7.4388594323E-05  3.4761303134E-05 -1.4483452722E+05

 Eigenvalues of the Hessian: 
  -1.4483485852E+05 -1.4483452758E+05 -1.4483452721E+05

 Eigenvectors of the Hessian:
   9.9999994863E-01  2.4908910349E-04 -2.0170663336E-04
  -2.2870261412E-04  9.9543576690E-01  9.5433650647E-02
   2.2455747975E-04 -9.5433599614E-02  9.9543577273E-01

 The stress tensor:
  -3.6212036723E+04 -4.8548242122E-05 -3.9220936278E-05
  -4.8548242122E-05 -3.6212121053E+04 -1.4281031549E-05
  -3.9220936278E-05 -1.4281031549E-05 -3.6212120943E+04

 Eigenvalues of the stress tensor:
  -3.6212121055E+04 -3.6212120941E+04 -3.6212036723E+04

 Eigenvectors of the stress tensor:
   6.3014419985E-04  3.8862058497E-04  9.9999972595E-01
   9.9188206784E-01 -1.2715986851E-01 -5.7561194724E-04
   1.2715960997E-01  9.9188215873E-01 -4.6559484303E-04

 Minus divergence of the stress tensor: 
  -2.1638000824E+02 -1.9266927427E+00 -7.4710085590E-01

 Values: 
 Rho(r)                   1.1753849790E+02
 |Grad(Rho(r))|           3.5584490852E-12
 Grad(Rho(r))x           -3.5584487726E-12
 Grad(Rho(r))y           -1.2184086137E-15
 Grad(Rho(r))z            8.6053126430E-16
 DelSq(Rho(r))           -4.3450391331E+05
 G(r)                     5.1501951172E+00
 K(r)                     1.0863112852E+05
 L(r)                     1.0862597833E+05
 Vnuc(r)                  2.2729006618E+07
 V(r)                    -1.0863627872E+05
 Ven(r)                  -2.6715332966E+09
 Vrep(r)                  2.6714246603E+09
 DelSq(V(r))              2.4923555846E+09
 DelSq(Ven(r))            9.8758075351E+12
 DelSq(Vrep(r))          -9.8733151795E+12
 DelSq(G(r))              1.3387650300E+08
 DelSq(K(r))             -2.6262320876E+09

 New critical point found: CP# 2     

 Number of Newton-Raphson Iterations:     1

 Coordinates of critical point and distance from molecular origin:
          X =   1.4455649184E+00
          Y =   2.4029343702E-05
          Z =  -5.3960403592E-05
          R =   1.4455649196E+00

 Vectors and distances from nuclei to critical point:
 Nucleus           X                 Y                 Z                Dist  
 C1         2.8912565284E+00  1.9665934370E-04  3.8279596408E-05  2.8912565354E+00
 C2        -2.6157835742E-07 -6.5629849766E-10 -4.0359214625E-10  2.6157949209E-07
 H3         3.6458984284E+00 -1.1173745007E+00  1.5697280396E+00  4.1237297733E+00
 H4         3.6445979384E+00 -8.0183016066E-01 -1.7525610804E+00  4.1228019695E+00
 H5         3.6457605084E+00  1.9183988493E+00  1.8186333960E-01  4.1236995652E+00
 H6        -7.5438790158E-01  1.1175010693E+00 -1.5698826604E+00  2.0694060291E+00
 H7        -7.5492828158E-01  8.0087033934E-01  1.7524597996E+00  2.0694021745E+00
 H8        -7.5430976158E-01 -1.9183130607E+00 -1.8280840040E-01  2.0693784396E+00

 Angles of vectors with respect to YZ/XZ/XY planes:
 Nucleus        YZ Angle          XZ Angle          XY Angle
 C1         8.9996029676E+01  3.8971811836E-03  7.5858353006E-04
 C2         8.9831239128E+01  1.4375428734E-01  8.8401944716E-02
 H3         6.2144208835E+01  1.5721525729E+01  2.2374406249E+01
 H4         6.2129929849E+01  1.1214739756E+01  2.5156347833E+01
 H5         6.2140901965E+01  2.7724011107E+01  2.5276774880E+00
 H6         2.1379473327E+01  3.2684356420E+01  4.9342259753E+01
 H7         2.1395583199E+01  2.2768310204E+01  5.7869993930E+01
 H8         2.1377449012E+01  6.7971841071E+01  5.0681020415E+00

 The Hessian:
  -1.4483485624E+05 -5.7210797214E-05 -1.0805852336E-04
  -5.7210797214E-05 -1.4483452517E+05  5.0747077153E-05
  -1.0805852336E-04  5.0747077153E-05 -1.4483452503E+05

 Eigenvalues of the Hessian: 
  -1.4483485624E+05 -1.4483452519E+05 -1.4483452501E+05

 Eigenvectors of the Hessian:
   9.9999993186E-01 -6.7188888278E-05 -3.6298180329E-04
   1.7275896481E-04  9.5415022270E-01  2.9932811877E-01
   3.2622764491E-04 -2.9932816108E-01  9.5415016929E-01

 The stress tensor:
  -3.6212036178E+04  1.2215259264E-05  3.7760785954E-05
   1.2215259264E-05 -3.6212120344E+04 -5.5346519595E-06
   3.7760785954E-05 -5.5346519595E-06 -3.6212120318E+04

 Eigenvalues of the stress tensor:
  -3.6212120345E+04 -3.6212120317E+04 -3.6212036178E+04

 Eigenvectors of the stress tensor:
  -2.3146443687E-04 -4.1094741948E-04  9.9999988877E-01
   9.8002000360E-01 -1.9889889767E-01  1.4510280566E-04
   1.9889881591E-01  9.8001992818E-01  4.4877471286E-04

 Minus divergence of the stress tensor: 
   2.1444108071E+02  5.3264592734E-01  3.2779097817E-01

 Values: 
 Rho(r)                   1.1753849725E+02
 |Grad(Rho(r))|           1.6010585554E-11
 Grad(Rho(r))x           -1.6010585547E-11
 Grad(Rho(r))y           -1.8614396049E-16
 Grad(Rho(r))z           -4.1557469271E-16
 DelSq(Rho(r))           -4.3450390644E+05
 G(r)                     5.1501146472E+00
 K(r)                     1.0863112672E+05
 L(r)                     1.0862597661E+05
 Vnuc(r)                  2.2937582241E+07
 V(r)                    -1.0863627684E+05
 Ven(r)                  -2.6960489471E+09
 Vrep(r)                  2.6959403109E+09
 DelSq(V(r))              2.4923555464E+09
 DelSq(Ven(r))            9.9664128901E+12
 DelSq(Vrep(r))          -9.9639205346E+12
 DelSq(G(r))              1.3387649932E+08
 DelSq(K(r))             -2.6262320457E+09

 New critical point found: CP# 3     

 Number of Newton-Raphson Iterations:     1

 Coordinates of critical point and distance from molecular origin:
          X =  -2.1860550188E+00
          Y =   1.0967820606E+00
          Z =  -1.5408306858E+00
          R =   2.8906619719E+00

 Vectors and distances from nuclei to critical point:
 Nucleus           X                 Y                 Z                Dist  
 C1        -7.4036340880E-01  1.0969546906E+00 -1.5407384458E+00  2.0310890006E+00
 C2        -3.6316201988E+00  1.0967580306E+00 -1.5407767258E+00  4.0945740150E+00
 H3         1.4278491195E-02 -2.0616469419E-02  2.8951314242E-02  3.8302646364E-02
 H4         1.2978001195E-02  2.9492787058E-01 -3.2933378058E+00  3.3065427232E+00
 H5         1.4140571195E-02  3.0151568806E+00 -1.3589133858E+00  3.3072672345E+00
 H6        -4.3860078388E+00  2.2142591006E+00 -3.1106593858E+00  5.8151706717E+00
 H7        -4.3865482188E+00  1.8976283706E+00  2.1168307424E-01  4.7840995425E+00
 H8        -4.3859296988E+00 -8.2155502942E-01 -1.7235851258E+00  4.7835214722E+00

 Angles of vectors with respect to YZ/XZ/XY planes:
 Nucleus        YZ Angle          XZ Angle          XY Angle
 C1         2.1377768375E+01  3.2689223828E+01  4.9338954681E+01
 C2         6.2490567378E+01  1.5536752438E+01  2.2104510258E+01
 H3         2.1887219045E+01  3.2564712310E+01  4.9100288121E+01
 H4         2.2488341039E-01  5.1173115188E+00  8.4877723194E+01
 H5         2.4497491750E-01  6.5738029849E+01  2.4260572140E+01
 H6         4.8958609408E+01  2.2381562880E+01  3.2338582848E+01
 H7         6.6477230210E+01  2.3369119582E+01  2.5360065585E+00
 H8         6.6474574797E+01  9.8894036189E+00  2.1119678441E+01

 The Hessian:
  -6.4041817171E+00 -1.2241326427E-01  1.7190385378E-01
  -1.2241326427E-01 -6.3097405209E+00 -2.4843068502E-01
   1.7190385378E-01 -2.4843068502E-01 -6.1377598142E+00

 Eigenvalues of the Hessian: 
  -6.4885753257E+00 -6.4866420518E+00 -5.8764646747E+00

 Eigenvectors of the Hessian:
   9.2850634542E-01 -1.6881571473E-03  3.7131269388E-01
   2.1685975070E-01  8.1418955958E-01 -5.3857887964E-01
  -3.0140971291E-01  5.8059668548E-01  7.5634626579E-01

 The stress tensor:
  -1.6070026111E+00 -3.1212702984E-02  4.3833164208E-02
  -3.1212702984E-02 -1.5832485544E+00 -6.3526028832E-02
   4.3833164208E-02 -6.3526028832E-02 -1.5392774738E+00

 Eigenvalues of the stress tensor:
  -1.6285323434E+00 -1.6284859106E+00 -1.4725103853E+00

 Eigenvectors of the stress tensor:
  -9.2825733829E-01  1.8620839037E-02  3.7147217696E-01
  -1.9909602884E-01  8.1873097909E-01 -5.3855394825E-01
   3.1416410553E-01  5.7387528979E-01  7.5628570432E-01

 Minus divergence of the stress tensor: 
  -3.1949536621E+00  4.6132474201E+00 -6.4782592716E+00

 Values: 
 Rho(r)                   4.2879365343E-01
 |Grad(Rho(r))|           1.1146117272E-15
 Grad(Rho(r))x           -9.9150288674E-16
 Grad(Rho(r))y            2.9316826744E-16
 Grad(Rho(r))z            4.1633363423E-16
 DelSq(Rho(r))           -1.8851682052E+01
 G(r)                     8.3040631349E-03
 K(r)                     4.7212245762E+00
 L(r)                     4.7129205131E+00
 Vnuc(r)                  3.1722126722E+01
 V(r)                    -4.7295286393E+00
 Ven(r)                  -1.3602246612E+01
 Vrep(r)                  8.8727179725E+00
 DelSq(V(r))              7.0628367202E+02
 DelSq(Ven(r))            5.9801544698E+02
 DelSq(Vrep(r))           1.0826822503E+02
 DelSq(G(r))              6.9460199539E+01
 DelSq(K(r))             -7.7574387156E+02

 New critical point found: CP# 4     

 Number of Newton-Raphson Iterations:     1

 Coordinates of critical point and distance from molecular origin:
          X =  -2.1847821451E+00
          Y =   7.8705799772E-01
          Z =   1.7201813034E+00
          R =   2.8899406620E+00

 Vectors and distances from nuclei to critical point:
 Nucleus           X                 Y                 Z                Dist  
 C1        -7.3909053509E-01  7.8723062772E-01  1.7202735434E+00  2.0310903339E+00
 C2        -3.6303473251E+00  7.8703396772E-01  1.7202352634E+00  4.0936601628E+00
 H3         1.5551364908E-02 -3.3034053228E-01  3.2899633034E+00  3.3065427942E+00
 H4         1.4250874908E-02 -1.4796192279E-02 -3.2325816582E-02  3.8301085615E-02
 H5         1.5413444908E-02  2.7054328177E+00  1.9020986034E+00  3.3072017481E+00
 H6        -4.3847349651E+00  1.9045350377E+00  1.5035260342E-01  4.7828611029E+00
 H7        -4.3852753451E+00  1.5879043077E+00  3.4726950634E+00  5.8147821065E+00
 H8        -4.3846568251E+00 -1.1312790923E+00  1.5374268634E+00  4.7821218323E+00

 Angles of vectors with respect to YZ/XZ/XY planes:
 Nucleus        YZ Angle          XZ Angle          XY Angle
 C1         2.1339198734E+01  2.2804634992E+01  5.7883674572E+01
 C2         6.2476560755E+01  1.1084517344E+01  2.4848437526E+01
 H3         2.6947507271E-01  5.7337065037E+00  8.4259922111E+01
 H4         2.1843642495E+01  2.2725252782E+01  5.7564116096E+01
 H5         2.6703195189E-01  5.4889354953E+01  3.5109322499E+01
 H6         6.6456896532E+01  2.3465696603E+01  1.8014299151E+00
 H7         4.8952015532E+01  1.5847664297E+01  3.6670941326E+01
 H8         6.6474887942E+01  1.3683848250E+01  1.8753342613E+01

 The Hessian:
  -6.4046254779E+00 -8.7692209640E-02 -1.9158823760E-01
  -8.7692209640E-02 -6.3956511710E+00  1.9908403183E-01
  -1.9158823760E-01  1.9908403183E-01 -6.0518055761E+00

 Eigenvalues of the Hessian: 
  -6.4887054819E+00 -6.4867719041E+00 -5.8766048389E+00

 Eigenvectors of the Hessian:
   9.2878204976E-01 -9.3197779752E-04 -3.7062519539E-01
   1.5515908634E-01  9.0912706320E-01  3.8654060703E-01
   3.3658514817E-01 -4.1651784401E-01  8.4452550208E-01

 The stress tensor:
  -1.6071186381E+00 -2.2359090865E-02 -4.8850554686E-02
  -2.2359090865E-02 -1.6052160936E+00  5.0908696882E-02
  -4.8850554686E-02  5.0908696882E-02 -1.5172966619E+00

 Eigenvalues of the stress tensor:
  -1.6285666752E+00 -1.6285181815E+00 -1.4725465368E+00

 Eigenvectors of the stress tensor:
   9.2859788433E-01  1.5374373173E-02 -3.7076892785E-01
   1.3923837429E-01  9.1170561757E-01  3.8653013079E-01
   3.4397477282E-01 -4.1055632444E-01  8.4446720489E-01

 Minus divergence of the stress tensor: 
  -3.1888183844E+00  3.3109502498E+00  7.2335117222E+00

 Values: 
 Rho(r)                   4.2880316652E-01
 |Grad(Rho(r))|           4.0860818222E-16
 Grad(Rho(r))x            2.3516345121E-16
 Grad(Rho(r))y            2.8969882049E-16
 Grad(Rho(r))z            1.6653345369E-16
 DelSq(Rho(r))           -1.8852082225E+01
 G(r)                     8.3054186633E-03
 K(r)                     4.7213259749E+00
 L(r)                     4.7130205562E+00
 Vnuc(r)                  3.1723648565E+01
 V(r)                    -4.7296313936E+00
 Ven(r)                  -1.3603200958E+01
 Vrep(r)                  8.8735695647E+00
 DelSq(V(r))              7.0629973403E+02
 DelSq(Ven(r))            5.9805683121E+02
 DelSq(Vrep(r))           1.0824290281E+02
 DelSq(G(r))              6.9461640579E+01
 DelSq(K(r))             -7.7576137461E+02

 New critical point found: CP# 5     

 Number of Newton-Raphson Iterations:     1

 Coordinates of critical point and distance from molecular origin:
          X =  -2.1859173198E+00
          Y =  -1.8829845074E+00
          Z =  -1.7856328432E-01
          R =   2.8906314242E+00

 Vectors and distances from nuclei to critical point:
 Nucleus           X                 Y                 Z                Dist  
 C1        -7.4022570981E-01 -1.8828118774E+00 -1.7847104432E-01  2.0309521365E+00
 C2        -3.6314824998E+00 -1.8830085374E+00 -1.7850932432E-01  4.0945392753E+00
 H3         1.4416190193E-02 -3.0003830374E+00  1.3912187157E+00  3.3072640827E+00
 H4         1.3115700193E-02 -2.6848386974E+00 -1.9310704043E+00  3.3071987783E+00
 H5         1.4278270193E-02  3.5390312560E-02  3.3540156759E-03  3.8309171800E-02
 H6        -4.3858701398E+00 -7.6550746744E-01 -1.7483919843E+00  4.7831718657E+00
 H7        -4.3864105198E+00 -1.0821381974E+00  1.5739504757E+00  4.7842387510E+00
 H8        -4.3857919998E+00 -3.8013215974E+00 -3.6131772432E-01  5.8151326598E+00

 Angles of vectors with respect to YZ/XZ/XY planes:
 Nucleus        YZ Angle          XZ Angle          XY Angle
 C1         2.1375108135E+01  6.7980867872E+01  5.0414010024E+00
 C2         6.2487329380E+01  2.7379550588E+01  2.4987118126E+00
 H3         2.4975008035E-01  6.5122596965E+01  2.4875976747E+01
 H4         2.2722439339E-01  5.4273794707E+01  3.5725254794E+01
 H5         2.1882942116E+01  6.7489265842E+01  5.0227475503E+00
 H6         6.6482408279E+01  9.2093228427E+00  2.1440192791E+01
 H7         6.6469269607E+01  1.3072756536E+01  1.9207278233E+01
 H8         4.8955800864E+01  4.0820751722E+01  3.5623132877E+00

 The Hessian:
  -6.4044929700E+00  2.1011626047E-01  1.9912003678E-02
   2.1011626047E-01 -5.9656762663E+00  4.9404926290E-02
   1.9912003678E-02  4.9404926290E-02 -6.4822583777E+00

 Eigenvalues of the Hessian: 
  -6.4888776761E+00 -6.4869409226E+00 -5.8766090153E+00

 Eigenvectors of the Hessian:
   9.2853415405E-01 -1.1510555468E-03  3.7124520178E-01
  -3.6970563644E-01 -9.3896192713E-02  9.2439236657E-01
  -3.3794484049E-02  9.9558132770E-01  8.7611373593E-02

 The stress tensor:
  -1.6070821843E+00  5.3575785192E-02  5.0776748834E-03
   5.3575785192E-02 -1.4952692994E+00  1.2633006817E-02
   5.0776748834E-03  1.2633006817E-02 -1.6273648785E+00

 Eigenvalues of the stress tensor:
  -1.6286089623E+00 -1.6285621882E+00 -1.4725452117E+00

 Eigenvectors of the stress tensor:
  -9.2847383825E-01 -7.3035666758E-04  3.7139708973E-01
   3.6981430729E-01 -9.4062504583E-02  9.2433198763E-01
   3.4259448425E-02  9.9556602584E-01  8.7604671011E-02

 Minus divergence of the stress tensor: 
  -3.1950092726E+00 -7.9193876964E+00 -7.5053658656E-01

 Values: 
 Rho(r)                   4.2881978262E-01
 |Grad(Rho(r))|           1.3539995177E-15
 Grad(Rho(r))x           -1.3419339695E-15
 Grad(Rho(r))y           -1.8030282128E-16
 Grad(Rho(r))z           -4.3368086899E-18
 DelSq(Rho(r))           -1.8852427614E+01
 G(r)                     8.3047293552E-03
 K(r)                     4.7214116329E+00
 L(r)                     4.7131069035E+00
 Vnuc(r)                  3.1717841733E+01
 V(r)                    -4.7297163622E+00
 Ven(r)                  -1.3601237997E+01
 Vrep(r)                  8.8715216346E+00
 DelSq(V(r))              7.0630353031E+02
 DelSq(Ven(r))            5.9795831533E+02
 DelSq(Vrep(r))           1.0834521498E+02
 DelSq(G(r))              6.9461528890E+01
 DelSq(K(r))             -7.7576505920E+02

 New critical point found: CP# 6     

 Number of Newton-Raphson Iterations:     1

 Coordinates of critical point and distance from molecular origin:
          X =   2.1856791328E+00
          Y =  -1.0968644653E+00
          Z =   1.5408739479E+00
          R =   2.8904320526E+00

 Vectors and distances from nuclei to critical point:
 Nucleus           X                 Y                 Z                Dist  
 C1         3.6313707428E+00 -1.0966918353E+00  1.5409661879E+00  4.0944063362E+00
 C2         7.4011395284E-01 -1.0968884953E+00  1.5409279079E+00  2.0311060661E+00
 H3         4.3860126428E+00 -2.2142629953E+00  3.1106559479E+00  5.8151739391E+00
 H4         4.3847121528E+00 -1.8987186553E+00 -2.1163317206E-01  4.7828466205E+00
 H5         4.3858747228E+00  8.2151035467E-01  1.7227912479E+00  4.7831773991E+00
 H6        -1.4273687157E-02  2.0612574668E-02 -2.8954752058E-02  3.8301358282E-02
 H7        -1.4814067157E-02 -2.9601815533E-01  3.2933877079E+00  3.3066975670E+00
 H8        -1.4195547157E-02 -3.0152015553E+00  1.3581195079E+00  3.3069820881E+00

 Angles of vectors with respect to YZ/XZ/XY planes:
 Nucleus        YZ Angle          XZ Angle          XY Angle
 C1         6.2487515619E+01  1.5536443339E+01  2.2108324918E+01
 C2         2.1370023261E+01  3.2686696205E+01  4.9346597260E+01
 H3         4.8958644516E+01  2.2381591124E+01  3.2338522376E+01
 H4         6.6456610562E+01  2.3389834846E+01  2.5360729431E+00
 H5         6.6482393547E+01  9.8895789404E+00  2.1111076378E+01
 H6         2.1880248610E+01  3.2559030018E+01  4.9110368206E+01
 H7         2.5668702613E-01  5.1360386959E+00  8.4857516552E+01
 H8         2.4594854649E-01  6.5750877804E+01  2.4247712491E+01

 The Hessian:
  -6.4042388032E+00 -1.2235156617E-01  1.7187085325E-01
  -1.2235156617E-01 -6.3097902258E+00 -2.4842294235E-01
   1.7187085325E-01 -2.4842294235E-01 -6.1376696702E+00

 Eigenvalues of the Hessian: 
  -6.4885763996E+00 -6.4866374026E+00 -5.8764848970E+00

 Eigenvectors of the Hessian:
   9.2855482498E-01 -8.8745866553E-05  3.7119527090E-01
   2.1534866298E-01  8.1463896106E-01 -5.3850563272E-01
  -3.0234233969E-01  5.7996840883E-01  7.5645604921E-01

 The stress tensor:
  -1.6070169726E+00 -3.1197284226E-02  4.3824002710E-02
  -3.1197284226E-02 -1.5832636097E+00 -6.3523889975E-02
   4.3824002710E-02 -6.3523889975E-02 -1.5392532054E+00

 Eigenvalues of the stress tensor:
  -1.6285321513E+00 -1.6284857294E+00 -1.4725159070E+00

 Eigenvectors of the stress tensor:
  -9.2843849611E-01  9.9265129290E-03  3.7135350177E-01
  -2.0664276521E-01  8.1691161545E-01 -5.3847393635E-01
   3.0870815753E-01  5.7667744613E-01  7.5640094963E-01

 Minus divergence of the stress tensor: 
   3.1938781785E+00 -4.6123716707E+00  6.4790445521E+00

 Values: 
 Rho(r)                   4.2879314994E-01
 |Grad(Rho(r))|           6.1380238799E-16
 Grad(Rho(r))x            4.2554935270E-17
 Grad(Rho(r))y            5.2041704279E-16
 Grad(Rho(r))z           -3.2265856653E-16
 DelSq(Rho(r))           -1.8851698699E+01
 G(r)                     8.3045564590E-03
 K(r)                     4.7212292313E+00
 L(r)                     4.7129246748E+00
 Vnuc(r)                  3.1723121532E+01
 V(r)                    -4.7295337877E+00
 Ven(r)                  -1.3602657208E+01
 Vrep(r)                  8.8731234201E+00
 DelSq(V(r))              7.0628567218E+02
 DelSq(Ven(r))            5.9803472892E+02
 DelSq(Vrep(r))           1.0825094325E+02
 DelSq(G(r))              6.9460413070E+01
 DelSq(K(r))             -7.7574608525E+02

 New critical point found: CP# 7     

 Number of Newton-Raphson Iterations:     1

 Coordinates of critical point and distance from molecular origin:
          X =   2.1862092302E+00
          Y =  -7.8607444381E-01
          Z =  -1.7201911397E+00
          R =   2.8907579260E+00

 Vectors and distances from nuclei to critical point:
 Nucleus           X                 Y                 Z                Dist  
 C1         3.6319008402E+00 -7.8590181381E-01 -1.7200988997E+00  4.0947631920E+00
 C2         7.4064405023E-01 -7.8609847381E-01 -1.7201371797E+00  2.0311022467E+00
 H3         4.3865427402E+00 -1.9034729738E+00 -1.5040913968E-01  4.7840975620E+00
 H4         4.3852422502E+00 -1.5879286338E+00 -3.4726982597E+00  5.8147656997E+00
 H5         4.3864048202E+00  1.1323003762E+00 -1.5382738397E+00  4.7842384759E+00
 H6        -1.3743589768E-02  3.3140259619E-01 -3.2900198397E+00  3.3066973119E+00
 H7        -1.4283969768E-02  1.4771866194E-02  3.2322620324E-02  3.8301326450E-02
 H8        -1.3665449768E-02 -2.7044115338E+00 -1.9029455797E+00  3.3068459849E+00

 Angles of vectors with respect to YZ/XZ/XY planes:
 Nucleus        YZ Angle          XZ Angle          XY Angle
 C1         6.2493986321E+01  1.1065351497E+01  2.4839187755E+01
 C2         2.1386123949E+01  2.2769852810E+01  5.7875904479E+01
 H3         6.6477120303E+01  2.3445403551E+01  1.8016416085E+00
 H4         4.8951704612E+01  1.5847959357E+01  3.6671100966E+01
 H5         6.6469106203E+01  1.3690264678E+01  1.8755448244E+01
 H6         2.3813850558E-01  5.7519330856E+00  8.4243106133E+01
 H7         2.1896844738E+01  2.2685654910E+01  5.7554635902E+01
 H8         2.3677390147E-01  5.4867362295E+01  3.5131598185E+01

 The Hessian:
  -6.4041059718E+00 -8.7746230133E-02 -1.9199985674E-01
  -8.7746230133E-02 -6.3958024239E+00  1.9873812923E-01
  -1.9199985674E-01  1.9873812923E-01 -6.0517626348E+00

 Eigenvalues of the Hessian: 
  -6.4885656719E+00 -6.4866278986E+00 -5.8764774600E+00

 Eigenvectors of the Hessian:
   9.2844700178E-01 -8.8501122817E-05 -3.7146487996E-01
   1.5448998951E-01  9.0950510395E-01  3.8591878553E-01
   3.3781505002E-01 -4.1569274477E-01  8.4444095941E-01

 The stress tensor:
  -1.6069827184E+00 -2.2373702044E-02 -4.8956857077E-02
  -2.2373702044E-02 -1.6052584734E+00  5.0818906507E-02
  -4.8956857077E-02  5.0818906507E-02 -1.5172862410E+00

 Eigenvalues of the stress tensor:
  -1.6285294846E+00 -1.6284835126E+00 -1.4725144355E+00

 Eigenvectors of the stress tensor:
   9.2836241044E-01  6.0226429345E-03 -3.7162745144E-01
   1.4856840557E-01  9.1050148224E-01  3.8589438932E-01
   3.4069144949E-01 -4.1346194337E-01  8.4438057630E-01

 Minus divergence of the stress tensor: 
   3.1961835618E+00 -3.3054174721E+00 -7.2326394922E+00

 Values: 
 Rho(r)                   4.2879362943E-01
 |Grad(Rho(r))|           6.7374807510E-16
 Grad(Rho(r))x            6.1040582311E-16
 Grad(Rho(r))y           -2.4719809533E-16
 Grad(Rho(r))z           -1.4224732503E-16
 DelSq(Rho(r))           -1.8851671031E+01
 G(r)                     8.3048375642E-03
 K(r)                     4.7212225952E+00
 L(r)                     4.7129177576E+00
 Vnuc(r)                  3.1722944580E+01
 V(r)                    -4.7295274328E+00
 Ven(r)                  -1.3602596543E+01
 Vrep(r)                  8.8730691101E+00
 DelSq(V(r))              7.0628447702E+02
 DelSq(Ven(r))            5.9803051534E+02
 DelSq(Vrep(r))           1.0825396167E+02
 DelSq(G(r))              6.9460132408E+01
 DelSq(K(r))             -7.7574460942E+02

 New critical point found: CP# 8     

 Number of Newton-Raphson Iterations:     1

 Coordinates of critical point and distance from molecular origin:
          X =   2.1856014784E+00
          Y =   1.8829531056E+00
          Z =   1.7938297457E-01
          R =   2.8904228881E+00

 Vectors and distances from nuclei to critical point:
 Nucleus           X                 Y                 Z                Dist  
 C1         3.6312930884E+00  1.8831257356E+00  1.7947521457E-01  4.0944674114E+00
 C2         7.4003629841E-01  1.8829290756E+00  1.7943693457E-01  2.0310768671E+00
 H3         4.3859349884E+00  7.6555457562E-01  1.7491649746E+00  4.7835214684E+00
 H4         4.3846344984E+00  1.0810989156E+00 -1.5731241454E+00  4.7821035253E+00
 H5         4.3857970684E+00  3.8013279256E+00  3.6130027457E-01  5.8151395350E+00
 H6        -1.4351341591E-02  3.0004301456E+00 -1.3904457254E+00  3.3069814537E+00
 H7        -1.4891721591E-02  2.6837994156E+00  1.9318967346E+00  3.3068453335E+00
 H8        -1.4273201591E-02 -3.5383984382E-02 -3.3714654286E-03  3.8302968730E-02

 Angles of vectors with respect to YZ/XZ/XY planes:
 Nucleus        YZ Angle          XZ Angle          XY Angle
 C1         6.2483522624E+01  2.7381918324E+01  2.5122847799E+00
 C2         2.1367993251E+01  6.7980985671E+01  5.0684443203E+00
 H3         6.6474733629E+01  9.2092155420E+00  2.1448495608E+01
 H4         6.6474721609E+01  1.3065913870E+01  1.9205706639E+01
 H5         4.8955799112E+01  4.0820775598E+01  3.5621368076E+00
 H6         2.4864786695E-01  6.5135100107E+01  2.4863485644E+01
 H7         2.5802104263E-01  5.4251476311E+01  3.5747298399E+01
 H8         2.1878498452E+01  6.7486930552E+01  5.0497665834E+00

 The Hessian:
  -6.4043071629E+00  2.1001868837E-01  2.0012391999E-02
   2.1001868837E-01 -5.9655687510E+00  4.9655039264E-02
   2.0012391999E-02  4.9655039264E-02 -6.4819644611E+00

 Eigenvalues of the Hessian: 
  -6.4886355186E+00 -6.4866957886E+00 -5.8765090677E+00

 Eigenvectors of the Hessian:
   9.2856709238E-01  4.3483558874E-04  3.7116433808E-01
  -3.6944633649E-01 -9.5027979273E-02  9.2438038037E-01
  -3.5672950513E-02  9.9547450699E-01  8.8079205993E-02

 The stress tensor:
  -1.6070341167E+00  5.3551008789E-02  5.1027944353E-03
   5.3551008789E-02 -1.4952440530E+00  1.2696839333E-02
   5.1027944353E-03  1.2696839333E-02 -1.6272908611E+00

 Eigenvalues of the stress tensor:
  -1.6285469559E+00 -1.6285006276E+00 -1.4725214472E+00

 Eigenvectors of the stress tensor:
  -9.2847549760E-01  7.2798472512E-03  3.7132230498E-01
   3.6889309175E-01 -9.7747837370E-02  9.2431771981E-01
   4.3024844091E-02  9.9518458796E-01  8.8070986582E-02

 Minus divergence of the stress tensor: 
   3.1937895394E+00  7.9177398698E+00  7.5441739735E-01

 Values: 
 Rho(r)                   4.2879820092E-01
 |Grad(Rho(r))|           5.7613529625E-16
 Grad(Rho(r))x            5.6006496099E-16
 Grad(Rho(r))y            1.2883032315E-16
 Grad(Rho(r))z           -4.0766001685E-17
 DelSq(Rho(r))           -1.8851840375E+01
 G(r)                     8.3044684979E-03
 K(r)                     4.7212645622E+00
 L(r)                     4.7129600937E+00
 Vnuc(r)                  3.1722049413E+01
 V(r)                    -4.7295690307E+00
 Ven(r)                  -1.3602357718E+01
 Vrep(r)                  8.8727886869E+00
 DelSq(V(r))              7.0628907422E+02
 DelSq(Ven(r))            5.9801901190E+02
 DelSq(Vrep(r))           1.0827006233E+02
 DelSq(G(r))              6.9460644534E+01
 DelSq(K(r))             -7.7574971876E+02

 New critical point found: CP# 9     

 Number of Newton-Raphson Iterations:     1

 Coordinates of critical point and distance from molecular origin:
          X =  -8.5186916433E-05
          Y =  -1.0329231448E-04
          Z =  -1.4188533247E-04
          R =   1.9508347068E-04

 Vectors and distances from nuclei to critical point:
 Nucleus           X                 Y                 Z                Dist  
 C1         1.4456064231E+00  6.9337685524E-05 -4.9645332472E-05  1.4456064256E+00
 C2        -1.4456503669E+00 -1.2732231448E-04 -8.7925332472E-05  1.4456503752E+00
 H3         2.2002483231E+00 -1.1175018223E+00  1.5696401147E+00  2.9246663221E+00
 H4         2.1989478331E+00 -8.0195748231E-01 -1.7526490053E+00  2.9240871929E+00
 H5         2.2001104031E+00  1.9182715277E+00  1.8177541467E-01  2.9246014670E+00
 H6        -2.2000380069E+00  1.1173737477E+00 -1.5699705853E+00  2.9246365522E+00
 H7        -2.2005783869E+00  8.0074301769E-01  1.7523718747E+00  2.9248148325E+00
 H8        -2.1999598669E+00 -1.9184403823E+00 -1.8289632533E-01  2.9246688671E+00

 Angles of vectors with respect to YZ/XZ/XY planes:
 Nucleus        YZ Angle          XZ Angle          XY Angle
 C1         8.9996620047E+01  2.7481594448E-03  1.9676645073E-03
 C2         8.9993867493E+01  5.0461932237E-03  3.4847639207E-03
 H3         4.8790655401E+01  2.2463542902E+01  3.2458617767E+01
 H4         4.8764940874E+01  1.5917865430E+01  3.6825741885E+01
 H5         4.8788005058E+01  4.0988587881E+01  3.5634535407E+00
 H6         4.8785067637E+01  2.2461068975E+01  3.2466661898E+01
 H7         4.8797148033E+01  1.5889062877E+01  3.6808288276E+01
 H8         4.8782021643E+01  4.0991822932E+01  3.5853733351E+00

 The Hessian:
   3.3739344740E-01  6.1933017854E-05  2.4468555635E-05
   6.1933017854E-05 -4.4658661864E-01  2.1810186131E-06
   2.4468555635E-05  2.1810186131E-06 -4.4656535453E-01

 Eigenvalues of the Hessian: 
  -4.4658684450E-01 -4.4656513433E-01  3.3739345305E-01

 Ellipticity:  4.8615901534E-05

 Eigenvectors of the Hessian:
  -7.5446396674E-05 -3.9022360795E-05  9.9999999639E-01
   9.9489794933E-01  1.0088639241E-01  7.8998290824E-05
  -1.0088639513E-01  9.9489795170E-01  3.1211751953E-05

 The stress tensor:
   7.3165699536E-02  1.9900315018E-05  1.0175615114E-05
   1.9900315018E-05 -1.6056376068E-01 -7.2774708157E-07
   1.0175615114E-05 -7.2774708157E-07 -1.6056713741E-01

 Eigenvalues of the stress tensor:
  -1.6056728841E-01 -1.6056361182E-01  7.3165701674E-02

 Eigenvectors of the stress tensor:
  -5.9863932098E-05 -7.4570965363E-05  9.9999999543E-01
   2.0236304098E-01  9.7931056994E-01  8.5142382324E-05
   9.7931057181E-01 -2.0236304515E-01  4.3534974142E-05

 Minus divergence of the stress tensor: 
  -3.7225838430E-05  9.7485845875E-06  2.1519224507E-05

 Values: 
 Rho(r)                   2.4312886104E-01
 |Grad(Rho(r))|           1.2107262825E-16
 Grad(Rho(r))x            1.2107254691E-16
 Grad(Rho(r))y            1.1699642584E-19
 Grad(Rho(r))z           -7.7523367008E-20
 DelSq(Rho(r))           -5.5575852577E-01
 G(r)                     5.4512783557E-02
 K(r)                     1.9345241500E-01
 L(r)                     1.3893963144E-01
 Vnuc(r)                  1.0352465595E+01
 V(r)                    -2.4796519856E-01
 Ven(r)                  -2.5169831691E+00
 Vrep(r)                  2.2690179705E+00
 DelSq(V(r))             -1.5651917599E+00
 DelSq(Ven(r))            5.7534710172E+00
 DelSq(Vrep(r))          -7.3186627770E+00
 DelSq(G(r))              1.0349136057E+00
 DelSq(K(r))              5.3027815417E-01

 Point is a Bond Critical Point (BCP)
 ------------------------------------
   Bond path linked to nuclear attractor C2      
     Attractor coordinates =   1.4455649184E+00  2.4029343702E-05 -5.3960403592E-05
     Euclidean distance from attractor to nucleus =   2.6157949209E-07
     Number of steps from BCP to attractor = 1445
     Step size =   1.0000000000E-03
     Path length from BCP to attractor =   1.4456501137E+00
     Euclidean distance from BCP to attractor =   1.4456501136E+00
     Euclidean distance from BCP to nucleus =   1.4456503752E+00
     Unit vector from attractor in the bond path direction:
       Cartesian Coords.    Spherical Coords.
     -9.9999999372E-01      1.0000000000E+00
     -8.8372624414E-05      1.5708652346E+00
     -6.8907786430E-05      3.1416810262E+00

   Bond path linked to nuclear attractor C1      
     Attractor coordinates =  -1.4456913460E+00 -1.7262761968E-04 -9.2239073718E-05
     Euclidean distance from attractor to nucleus =   2.6397990961E-07
     Number of steps from BCP to attractor = 1445
     Step size =   1.0000000000E-03
     Path length from BCP to attractor =   1.4456061637E+00
     Euclidean distance from BCP to attractor =   1.4456061616E+00
     Euclidean distance from BCP to nucleus =   1.4456064256E+00
     Unit vector from attractor in the bond path direction:
       Cartesian Coords.    Spherical Coords.
      9.9999999608E-01      2.3976032393E-05
      2.3976032393E-05     -8.5227581703E-05
     -8.5227581703E-05      1.0000000000E+00

   Total bond path length =   2.8912562775E+00
   Distance between attractors =   2.8912562714E+00
   Distance between nuclei =   2.8912567969E+00
   Sum of distances between BCP and attractors =   2.8912562752E+00
   Sum of distances between BCP and nuclei =   2.8912568008E+00
   Total bond path length minus distance between attractors =   6.0798144297E-09
   Total bond path length minus distance between nuclei =  -5.1946631840E-07
   Total bond path length minus sum of distances between BCP and attractors =   2.2254789123E-09
   Total bond path length minus sum of distances between BCP and nuclei =  -5.2332059353E-07

 New critical point found: CP# 10    

 Number of Newton-Raphson Iterations:     1

 Coordinates of critical point and distance from molecular origin:
          X =  -1.9093197666E+00
          Y =   6.9507557628E-01
          Z =  -9.7667841407E-01
          R =   2.2544473274E+00

 Vectors and distances from nuclei to critical point:
 Nucleus           X                 Y                 Z                Dist  
 C1        -4.6362815655E-01  6.9524820628E-01 -9.7658617407E-01  1.2853177394E+00
 C2        -3.3548849466E+00  6.9505154628E-01 -9.7662445407E-01  3.5626036800E+00
 H3         2.9101374345E-01 -4.2232295372E-01  5.9310358593E-01  7.8410301604E-01
 H4         2.8971325345E-01 -1.0677861372E-01 -2.7291855341E+00  2.7465959151E+00
 H5         2.9087582345E-01  2.6134503963E+00 -7.9476111407E-01  2.7470669717E+00
 H6        -4.1092725866E+00  1.8125526163E+00 -2.5465071141E+00  5.1629610360E+00
 H7        -4.1098129666E+00  1.4959218863E+00  7.7583534593E-01  4.4418763371E+00
 H8        -4.1091944466E+00 -1.2232615137E+00 -1.1594328541E+00  4.4414110679E+00

 Angles of vectors with respect to YZ/XZ/XY planes:
 Nucleus        YZ Angle          XZ Angle          XY Angle
 C1         2.1143863055E+01  3.2745978352E+01  4.9446689877E+01
 C2         7.0338132174E+01  1.1250361521E+01  1.5910306796E+01
 H3         2.1786078940E+01  3.2588825183E+01  4.9148750412E+01
 H4         6.0548707009E+00  2.2280329034E+00  8.3545329714E+01
 H5         6.0782128954E+00  7.2056406737E+01  1.6816807437E+01
 H6         5.2741663643E+01  2.0552678888E+01  2.9552844957E+01
 H7         6.7704957155E+01  1.9680634038E+01  1.0059098475E+01
 H8         6.7698564122E+01  1.5987153371E+01  1.5132407885E+01

 The Hessian:
  -5.4420388674E-01 -2.3430737553E-01  3.2904253933E-01
  -2.3430737553E-01 -3.6299650545E-01 -4.7496603232E-01
   3.2904253933E-01 -4.7496603232E-01 -3.4116762000E-02

 Eigenvalues of the Hessian: 
  -7.0578121427E-01 -7.0118288080E-01  4.6564694089E-01

 Ellipticity:  6.5579659683E-03

 Eigenvectors of the Hessian:
   9.2847031683E-01 -3.3166197579E-03  3.7139180228E-01
   2.1832374834E-01  8.1382639078E-01 -5.3853630015E-01
  -3.0046232988E-01  5.8109861960E-01  7.5633774375E-01

 The stress tensor:
  -1.7306647419E-01 -6.5315060865E-02  9.1731119243E-02
  -6.5315060865E-02 -1.2359600487E-01 -1.3371378517E-01
   9.1731119243E-02 -1.3371378517E-01 -3.1027567976E-02

 Eigenvalues of the stress tensor:
  -2.1880951866E-01 -2.1800318818E-01  1.0912265981E-01

 Eigenvectors of the stress tensor:
  -3.3721033749E-03 -9.2877355917E-01  3.7063230391E-01
   8.1380279145E-01 -2.1793729479E-01 -5.3872845866E-01
   5.8113134965E-01  2.9980495547E-01  7.5657342217E-01

 Minus divergence of the stress tensor: 
  -1.1607812399E-02  9.1809827789E-03 -1.2822458289E-02

 Values: 
 Rho(r)                   2.7640980216E-01
 |Grad(Rho(r))|           7.0784370598E-17
 Grad(Rho(r))x           -4.3368086899E-17
 Grad(Rho(r))y            5.5511151231E-17
 Grad(Rho(r))z            6.9388939039E-18
 DelSq(Rho(r))           -9.4131715418E-01
 G(r)                     4.6180379246E-02
 K(r)                     2.8150966779E-01
 L(r)                     2.3532928855E-01
 Vnuc(r)                  8.9996932885E+00
 V(r)                    -3.2769004704E-01
 Ven(r)                  -2.4876034414E+00
